6158
11200
3705
7178
6122
7178
6133
6757
71
2319
10948
80764
6134
3107
1317
23062
3927
6176
7114
83719
1915
6141
3133
334
1113
326625
9536
3039
6194
55629
6187
90441
10907
6155
51150
2874
9673
3107
55210
6187
2597
6158
2495
839
51275
51184
10399
27245
478
57655
7520
388799
4792
57045
1915
8712
6187
633
1937
1388
6624
5515
84807
6137
6122
6232
6604
4720
2512
3491
1937
6203
5583
3125
114928
5500
6122
6144
3980
3107
2597
1358
6143
6233
56911
6194
2787
10490
56927
30833
80746
6181
51571
6223
6125
9188
6205
3735
6189
26093
11224
2512
23521
55249
81853
302
887
7316
10605
6224
71
6175
53827
6189
117143
5451
6137
126961
6175
1915
3107
10609
60
55501
1676
6122
23593
6208
3043
6137
55684
9045
4007
6210
6175
6122
221035
5996
84457
60
6181
6203
64222
2495
54107
6171
1051
3105
6187
7316
27166
56256
79711
7316
2512
6139
51659
79071
81551
4689
6187
6181
1915
2495
6158
113178
113115
7873
1627
90799
6176
9168
28992
3663
6142
6757
8732
2512
80746
144453
5660
7114
79012
6144
3312
1937
6152
28992
26100
23521
25814
293
10399
3688
6510
5211
6175
7867
1915
6187
55568
94005
55109
9168
10992
79413
6374
216
2036
6122
55039
6693
3833
23521
6189
2495
84337
26093
2782
1136
6191
6175
2194
6205
94005
6188
3921
11224
4792
6135
1937
1915
3437
6207
80723
222
7286
83636
5757
6223
6218
79934
84304
6189
84795
3134
6175
2821
84171
1263
8446
100129128
92960
161
10256
2760
6130
6234
84879
10077
6175
9810
7103
968
89953
6187
2512
25873
3127
6124
51150
6122
6208
2495
65264
93624
2495
4102
10617
51204
84968
948
6122
83931
2512
5660
4736
81605
5452
93474
6949
9776
9785
84969
8869
6229
27161
60
5326
51063
5499
6277
9536
7040
2512
3105
60
23338
7205
7378
9166
51163
54788
9202
6124
90416
122509
6472
5660
6124
8451
9063
26156
60
2495
6137
5881
55256
6122
377
3837
6191
60
2512
79047
1915
6143
6187
4171
84108
126731
4904
26167
148753
23392
6189
6234
9112
54815
3190
8703
7475
85001
133
115817
160
3485
5373
7314
10425
6204
11338
51510
83636
2956
56900
51566
124540
7551
7305
6217
6122
6137
