1915
2597
6234
649150
10409
10938
6217
653314
1327
647361
152007
440589
6136
103910
598
3689
10094
3020
389517
9806
6194
6155
23117
1396
401019
644029
388654
689
645683
4478
3669
27128
387841
6232
517
650152
285053
54435
644039
4599
8878
63940
3936
54971
6161
64333
2197
51643
284996
3927
6208
2212
3040
116496
2995
2219
11140
896
5538
26020
3105
440733
8635
23608
51478
6135
649548
5093
10581
976
10627
390354
919
397
29121
8875
55969
728358
84164
284821
3579
731096
240
706
2309
2995
388474
4818
5699
7114
441034
652071
10519
646195
10541
6275
25873
6204
2537
651894
805
341457
51094
400963
6275
3122
975
4048
6128
3575
6772
5718
10983
7561
80223
10875
1051
7009
250
7529
6235
285176
400156
441775
51327
2501
653361
8764
10628
29108
653232
3020
10870
400721
440055
728481
399900
55437
6224
249
6143
7791
6622
23582
9181
29997
53827
389435
71
81565
2217
1072
440359
1455
79887
6193
3659
10578
5880
6175
2023
387867
645895
6789
7076
25824
4778
6128
5216
6157
23521
441876
6277
11151
9516
968
366
642210
51312
7879
10577
11027
64386
9802
51734
84061
533
142679
4924
4627
1973
3956
6402
373156
567
728358
2319
9750
650646
3059
2215
6279
374860
170954
100008589
1316
10365
79693
10399
972
7086
226
6170
440589
83442
604
6235
1938
4332
3646
391
929
2512
6205
441087
643031
51629
2799
1535
10379
25793
645899
6230
6888
1831
55303
5691
730740
5660
6203
2876
57674
255812
6282
2935
54997
2504
6280
3184
9445
51816
6124
3126
6303
6156
128346
388720
6181
5230
6165
432369
1192
140885
2987
118
6653
643509
7454
5552
6188
26986
5143
79180
3109
7314
2124
83606
498
6132
7133
3460
6169
3133
2014
10056
728888
10092
10801
2778
9246
1265
51507
506
3113
7805
92014
89846
3029
4946
4792
6352
8031
292
2634
60675
6515
694
2771
103
1675
60
6207
682
3106
3606
120425
7305
9948
51669
4067
1843
387
1052
7431
6206
8531
5250
7311
6223
11025
25853
526
6210
84926
23401
23558
527
10169
5413
8837
10578
83719
10109
401206
2268
51218
3047
6281
10487
241
84515
10376
1471
25801
8519
347544
7534
654103
960
10209
10866
131601
1655
90649
10410
5720
5579
23569
3482
91300
6194
4637
1351
1175
3727
6191
116496
1915
649447
9168
196
653086
54943
2512
440915
4814
4069
3045
6203
1915
60
2597
6029
6281
401019
6233
642947
151194
388524
113691
87178
6168
126272
71
653314
63929
4738
7431
9475
6653
613037
8992
2504
3586
8364
4437
84334
4191
58493
64744
3048
4627
201799
1524
8407
57051
157657
80867
3042
2357
7178
27071
6352
25777
3043
3020
8548
1890
654817
157777
6135
400818
84124
6136
503632
84293
64167
2207
3040
91368
3136
91561
319085
51246
6142
6142
6142
10081
567
7846
55033
5216
60
4736
440673
27102
6718
3122
80264
6152
6232
126626
11144
1668
649853
6191
4666
4666
5552
3689
7620
729603
441502
387700
79801
3134
339231
6166
7314
1667
649598
5997
3105
64115
10899
6218
200728
400866
3385
4084
23594
4066
6187
6209
90586
285855
2149
432369
256051
641737
6141
87
404664
2500
387254
80760
81033
23059
6176
326
1937
80736
23509
26088
84984
9747
1727
91663
53827
5094
10859
689
6122
6122
7323
3184
10961
4637
54940
7316
6171
5725
1385
6648
5265
6208
8073
498
27068
6169
54458
2872
112398
5660
2218
64393
83593
212
2268
1441
9555
4050
1438
919
2879
972
1982
27297
25824
6176
55969
1235
3903
283635
929
10052
146059
440926
55544
5265
6817
11025
302
3921
9768
100130446
2508
100130168
100128084
100129424
389342
100130980
441013
728128
643358
389101
644604
392437
644464
100133876
284393
644914
727808
255167
100132593
388556
647276
653162
148430
645452
645715
439953
286444
646294
440595
100131713
728658
728672
729903
728553
729402
728368
642280
731542
729789
728576
728693
730415
100130445
728620
390557
728517
84278
304
164022
205327
5305
730313
641339
399761
100133812
728244
649076
100132391
3039
55505
7117
51386
100133772
730278
730754
728378
91695
641814
441032
100133465
440353
6202
729439
100134159
729617
100133931
147172
647099
100130553
100134364
648729
100128731
653881
100133649
100132394
100129758
100128505
100129902
100129362
100129553
100129158
100129028
7430
100129141
100133607
343184
440027
389141
100133233
644464
389223
387930
645174
391777
642741
642357
647276
399748
644745
390345
440575
648390
100132488
392437
645452
643531
642892
100133273
391370
100190938
100133177
646294
728658
728428
728937
729090
729324
144581
729798
729978
728576
728809
156
100302173
