653895
10844
958
4750
648993
90933
55314
134187
63874
144608
338376
404664
5175
6817
968
9021
51282
10878
650861
5873
25972
645307
6236
51761
10954
1132
54967
645396
51315
9322
7360
3831
388910
146862
79760
91607
3066
9317
649242
650152
1497
54832
57654
337876
146542
60488
54148
3108
10531
805
84210
118924
8608
55432
203238
170394
79096
27236
56914
27032
96459
683
22941
7917
10268
3809
649800
284759
650203
79939
3301
54880
9945
79109
6827
84324
84125
4363
6233
2302
23252
138716
7375
79050
256329
10713
5834
25940
84326
54102
5178
51131
23460
26716
9576
11158
54928
8881
134492
113386
4952
64940
147323
63892
222962
10202
5532
9812
51529
158511
654123
139422
11107
116151
85457
9104
552
1983
54059
2329
5892
11159
651751
25837
128239
348013
7095
153918
55113
6687
9475
3398
140707
11186
27249
10578
51754
5346
51673
57489
1117
26052
51185
6050
11144
2889
3607
9711
5351
732226
200014
302
4060
652663
10450
54441
648164
1856
391194
27344
164045
286343
389860
402617
64919
448831
649942
138255
6122
284827
55423
25802
23352
23150
644774
128853
57103
55776
25759
2215
114792
54726
648343
439921
1071
1144
114899
285605
4645
57703
1787
5111
4846
25992
399979
63932
390144
832
7743
643171
79577
1347
4641
29083
388165
10476
55274
57546
649680
171586
645968
5211
650799
91408
79065
103
5710
3665
2005
6671
84698
4118
7512
285176
11214
333929
23305
4691
6288
3569
2271
1975
5305
375248
7555
649276
8915
114294
648366
65056
79091
649493
4061
25824
23024
10124
151888
10040
4357
727909
605
214
3688
29109
7401
55102
6628
147645
64219
114882
116071
50617
2658
4173
9846
55847
10894
10507
80237
84722
3134
3655
4632
1000
9491
79664
6259
4673
140733
63930
10783
29802
117153
64327
654121
5284
8515
1908
10147
23787
120534
1002
644736
400236
3339
641931
9622
5273
50636
5147
11059
26682
7093
5007
642669
441549
10421
56897
84245
652418
92935
59353
5350
387686
9747
79412
399744
9274
340441
6738
283150
3851
647347
387763
3603
3551
440422
6799
94137
55364
83897
64231
130026
4151
246181
647279
97
8575
653874
3455
4001
871
56683
51228
3049
392713
642236
6510
51338
375593
118424
6855
9
9
5753
122553
10174
645040
115201
80726
79788
1515
9947
1981
10101
83541
26013
728294
10228
5955
56604
84791
25798
25875
339834
642597
338588
55723
441521
5961
60626
192668
85444
10084
643809
8165
63978
440915
7476
642490
151477
643446
57210
7691
79864
79864
402715
338674
1398
1398
10919
1510
50940
64147
6397
3775
2593
166
83982
292
632
10195
84153
6756
650761
970
652578
5591
8453
55208
4189
375307
7551
127069
114035
643903
402117
284274
2251
116447
650651
388962
26043
309
9940
219482
1399
56924
399706
1810
7337
648271
1831
11183
2665
6547
170689
730510
1789
22882
51324
65009
25805
80052
55222
165
642118
51172
27348
7177
3112
648751
339487
1231
338811
54879
7862
8022
126364
79174
1195
51141
497661
653610
652481
9031
64374
57623
8204
6195
29953
646567
161247
9076
2778
914
400673
51529
51517
63895
541578
4691
7366
651558
283849
25983
649182
9447
10456
10456
55344
333926
83479
54039
5068
158293
400298
554251
388531
645070
245812
645967
6504
7652
55812
51295
1432
8665
27065
25873
84978
1175
5515
27130
5154
127707
6208
10522
3382
22876
925
84720
81793
27133
66004
6942
713
5819
7317
731035
653434
10051
64232
6232
83594
9514
80333
80758
85360
112616
613
11318
53349
4772
6002
54537
2806
10553
64407
654165
9694
4242
285444
6432
133482
7248
25915
5465
1134
4601
118924
9589
388481
169026
49860
10296
84901
55186
10052
25850
654042
5001
340113
90379
10605
8808
653543
9381
26036
84693
4796
1746
285521
66035
125058
64754
728369
9352
9311
150274
9770
5162
2257
576
8487
4149
163882
4928
3857
501
57380
92979
143501
503497
83480
5443
51105
84552
23085
8648
931
900
245806
647257
401124
5976
654106
6103
652684
91010
114782
128611
6464
9689
53343
338599
6674
646195
147040
57636
3872
799
57406
4016
26534
127343
285733
57706
84910
3955
9731
51311
54463
648758
646043
899
652354
390916
440456
646665
84072
126638
7013
6289
646976
643355
2620
57610
192666
221079
2686
648749
28956
84179
5519
259197
6229
5645
10288
8820
11100
652515
4133
728888
6753
164312
83444
126017
4588
5257
23654
153241
80209
648277
112398
161424
55341
64839
6399
388633
1528
64581
200879
143162
9143
83606
6349
26172
399949
6760
10462
2303
51257
834
58155
11332
56886
4337
221060
5865
3340
654230
8395
79929
51554
4938
390113
642644
644658
84063
643824
146517
650832
652499
4103
25822
91748
10266
999
81832
79473
6687
2232
1716
10260
643382
7358
10863
84335
168400
643293
1263
643444
3075
255809
650620
284161
84319
6861
56649
1725
50651
647876
574406
152015
55544
152189
155400
51559
9271
55160
390616
160364
54733
341112
175
652637
650852
7289
10150
10673
392391
652191
84572
347376
7750
353088
7181
23062
2122
3822
64101
51363
649497
7701
4094
11128
643853
7114
85451
23476
11235
196385
652602
3176
80765
113510
10555
116369
51397
84619
642570
9311
133
144501
11240
283755
644891
2574
8321
55064
23076
10900
113612
344901
653980
51735
51693
57150
441655
84138
79036
140686
388341
646938
64111
652707
144402
8796
5468
285696
1460
9132
50488
27090
284309
728005
216
80204
23116
391002
6204
6633
644330
135
58498
3952
54664
33
223075
83880
6164
9697
7570
55144
11035
7006
647050
64221
6698
9654
51622
64645
54982
29117
229
1385
5995
302
51427
643719
441424
730249
389833
375775
10175
401002
574016
5376
441461
5151
64175
54878
3182
7850
81848
651714
283685
4916
53373
23215
29121
2969
26095
55128
642771
5016
326342
84224
26227
8906
4105
80267
5965
8459
57118
152992
81611
84271
342934
650410
53917
26009
646257
80006
727811
64591
147184
645899
219348
8295
140711
503835
57369
103
11104
3925
27005
6372
440138
166655
152586
7073
7073
440905
9338
79188
129685
11143
9022
3953
9356
1191
85329
1213
2124
284996
9901
2009
646452
650562
81557
440551
4707
7423
51105
390152
79684
440895
9704
10299
65125
79066
55183
10290
84823
5136
5136
3312
9657
10797
135295
650698
221078
6710
7412
728505
65265
56941
122809
440910
221504
83259
402217
89970
644162
731950
9927
379
650
3362
83985
330
645032
4302
28977
10658
10089
80122
651319
59343
30819
10166
9612
10920
55892
2582
9236
645126
55504
11330
4225
400850
9500
9500
977
149465
5036
84271
51380
440675
255057
8740
80834
2251
2250
391722
7270
2176
645679
5789
9277
54657
57477
171389
285331
987
23108
23012
387338
79647
11009
80019
55247
55844
245936
3833
7248
57226
2248
5393
7976
644168
54465
414918
6356
647654
650111
341350
728229
56829
649635
374875
63915
1788
653337
54065
284611
146923
25769
26020
64766
9666
220158
9066
55775
50813
339883
645995
79858
81567
3785
3021
6688
3741
9499
64319
5371
57140
57718
54778
51599
57337
10048
117156
7453
11345
7988
599
653257
148229
2029
654201
4899
647844
9270
9424
1984
3091
5371
440900
928
654
326
1262
80332
646296
915
5298
6629
54812
2246
1406
51700
644297
161253
648069
408
55695
91750
2232
140738
22884
353514
5684
3182
4329
1890
63916
115352
147372
441531
83640
163126
55521
654342
51374
85413
6331
54207
644423
56133
153339
23552
2548
26589
5589
170622
60492
60492
81556
202559
83746
54936
6921
4948
152940
84901
727735
440021
53833
4878
92181
643595
55040
306
1955
2844
212
79668
4831
51091
645904
30011
79365
10335
79694
80761
25888
92399
6829
4137
8484
131909
3170
973
253461
4701
1893
650455
22947
9252
731548
55501
51458
8625
647748
8239
728689
55568
26040
284071
7163
114897
26539
3633
4150
648585
55114
23621
11135
283385
11234
2018
54963
347730
2023
79867
23181
131920
1534
64102
642361
8831
650227
498
79759
26155
7975
51719
646194
10650
7048
23428
155061
9019
652184
8933
124961
79849
7341
8790
79784
64766
4068
7050
344988
23405
26260
55450
441426
79813
2702
389763
79098
9987
10072
10072
25836
8013
648205
126961
54929
8394
29102
163071
649293
3225
3908
29956
51001
7531
54463
89890
54883
400745
