50865
23704
100170228
100506844
51192
4258
1195
55796
51167
3221
50808
84188
5599
90326
81853
23239
3848
6385
105376292
100506282
105377782
389634
9898
9618
645961
3034
2517
2205
10285
90957
5048
4501
389831
728229
11342
8301
6744
55466
22985
5587
4293
6652
23567
9896
7589
3458
1154
642658
10426
355
1948
29785
3320
335
23164
25780
25766
374491
79676
126123
3265
100506436
253827
57187
400955
100534599
7094
4437
221442
378805
100216546
2331
2679
79807
28985
27248
55839
147912
6612
254170
7398
5478
9520
84817
283450
3955
55139
9145
1501
101929559
26086
678
677810
51335
23637
116461
388753
64232
221477
6904
3791
84271
114483834
3158
84679
7748
114804
51596
4947
118433
26100
1374
169270
55924
116150
176
6573
83478
105372626
374955
8672
57819
23764
23160
8570
26019
4673
286046
64769
145837
5550
5336
100287765
440295
3274
399716
4602
767811
152002
10802
100505478
51660
10621
11104
79670
831
9897
127255
54187
401137
51351
148898
63892
23327
667
27107
140876
59274
23563
54908
6415
143187
4864
2207
3326
55656
79184
342184
51702
149076
144811
81563
7169
8537
5894
11212
23155
2990
3047
27236
4843
23463
60313
84804
25904
100124539
3479
388325
10576
3586
9530
81788
51655
55313
5718
152024
128338
645644
6473
1603
51593
4037
767846
729583
55916
221960
105373006
81796
3070
6480
100462981
149986
29099
409
388152
79572
3689
4326
3303
111216280
5695
29785
55147
10864
1329
10969
6347
7390
51727
51330
7756
5034
147920
56948
7529
51540
51430
79868
8969
101928941
8862
81567
1719
51263
101060376
9674
10
554203
9296
91683
6613
3949
8832
55233
6117
3601
5820
6894
9670
6347
79867
139596
101928865
132112
9501
55311
400120
839
84033
5243
223082
23091
23189
9583
245
262
10487
286827
5771
205
8694
3281
252983
6923
2665
84893
79874
23367
116285
349075
220107
55726
390940
647024
145748
54663
23328
388630
2815
80335
4664
197187
5742
6554
7468
5709
5520
6655
8031
5294
3824
2035
7138
100130519
25870
23085
84750
1979
225
8502
51119
401466
8340
157273
55521
9967
22862
101927588
8743
1447
51660
10401
125336
2713
161
123745
5198
53339
767
55916
2990
5317
340578
5195
6227
51633
157310
3601
56969
440896
1639
10943
116985
3429
80205
115749
5902
31
54442
100506658
55340
84181
4340
10447
8774
112937
150223
100128977
573
55616
158326
240
29965
55743
1460
2823
8703
51277
646214
100507086
79169
23629
57017
161514
54556
1967
162968
26150
109286553
26112
90864
54107
2805
84747
51266
100124534
101927084
285492
57786
55777
100529097
91010
8799
7408
2903
64745
51010
29110
9314
22822
57325
1089
7247
619498
57167
5328
220136
1982
388692
930
91661
105378854
730102
5706
10878
100506233
84932
55144
10799
9521
79896
5052
57864
138151
130502
51603
57210
4947
145624
645280
6391
245973
9159
645832
388324
53637
92304
7015
7533
5861
55929
253943
57531
10618
9101
79657
2175
287015
56963
55571
27
9117
81563
4133
10615
8522
5970
23066
439921
85476
84141
8500
11024
3992
146691
7320
54830
5515
710
647215
65268
3553
53904
5321
6228
1240
3785
400258
7596
2073
55425
284459
55958
9678
3792
26220
652276
7750
79068
983
94103
10720
2919
374659
5510
6950
150000
55449
2887
114971
100527964
11173
23446
139735
9844
157680
8829
221092
4258
8367
2674
23317
2791
131408
79641
146206
64222
6546
4855
1850
285150
161725
145200
79058
56889
56961
9495
9776
16
7728
117532
10910
399876
10992
101926913
90355
10015
7337
2990
1181
901
2905
23034
55568
10917
92342
6489
100506328
80219
644186
10013
3906
6532
100130894
963
26019
5625
84777
962
64866
132946
65065
85437
284408
143884
147081
2013
22807
442721
10737
677882
100506834
55365
51191
51107
729515
7248
152789
10712
8506
56928
5321
140739
1903
55106
391634
100506462
8663
4697
389677
5446
10017
339453
9945
3619
3587
2517
7178
10542
79573
7739
383
84765
5611
79366
57506
158584
55056
51281
1017
401934
387921
6609
339988
343477
101928857
79415
10214
10087
57680
101927136
83932
4493
389715
726
10084
203328
84060
2309
23786
6843
10975
287
100287718
29922
158931
1001
22845
402682
3119
79027
7267
81926
92283
200186
9284
90665
1536
3145
349196
6310
10197
2184
64222
776
9208
10640
11065
54860
3231
2932
642946
166785
441263
4176
6621
23081
84908
57661
79446
55356
7584
57496
23081
4849
80344
101927630
64582
7919
84196
64318
4035
147646
79709
84791
729178
800
5296
4744
51659
353333
3855
57606
23478
55843
5134
221061
2584
399821
283028
9202
9126
4157
105373876
285613
11272
2073
1460
10036
56652
27101
5663
57380
5743
55209
401944
5343
284273
9152
930
56900
9265
11179
3607
83607
643827
55054
64130
23608
5567
79864
25788
5225
7155
5610
342977
29093
56890
7486
4858
144983
100130476
7161
5542
64693
4784
56915
4921
79090
26054
10776
135656
92689
440823
100507472
80258
246181
51241
255252
1024
6189
10802
7494
5097
3963
54839
149371
8019
79977
23196
55359
8476
100131244
9370
51593
401320
388325
114034
129787
7381
23080
58512
646450
353324
283177
25875
9719
29074
58506
857
2012
8365
148423
84941
79324
54680
442862
10365
115352
10669
151188
11190
91300
100506054
55239
400073
23398
5519
51361
348840
100533789
1414
4582
389831
654483
89872
6387
4482
25851
6049
378708
29978
51105
79649
440131
9856
89853
56267
63977
983
7096
375
169200
253558
9705
55521
23560
6305
387486
677805
493
9617
100874114
79750
79796
100130744
339263
7027
100287482
51118
23424
1497
117581
55973
10328
339366
400550
4608
3240
3313
148534
23111
999
51430
8263
54535
10162
390535
27161
9791
124790
113189
2155
11062
8669
120534
3577
79814
2932
94104
348021
414777
54539
94101
100132101
26086
84816
1457
51696
85460
26227
337966
79979
202181
128488
26136
123041
100506084
91647
5575
10868
653712
219869
54014
1066
91012
2099
51657
29122
79172
727957
255031
131675794
7942
400123
653583
105372080
6829
2218
26037
79894
1117
3107
151325
285154
353132
51329
972
252839
7039
89781
9616
285084
100506874
81689
553158
4641
9794
2192
5529
50835
54939
8320
83955
101928292
8893
7434
100272147
306
25974
440131
51280
4094
203260
940
83756
8828
51735
126282
2626
2517
26100
2948
4660
1237
3137
4300
79973
53344
283537
10036
6512
400761
6774
26015
55094
7798
7561
55106
7342
9028
132299
51284
100505687
3507
4194
389898
9047
4597
1609
8743
80781
6885
728673
284358
254896
51411
387066
2099
64222
439949
100133545
1510
27099
1915
2937
255027
7553
29785
2950
84561
3681
51318
29923
284402
4595
4058
6690
2492
8764
80008
387066
7799
55867
5580
51075
9525
10762
91461
10505
645206
10180
84333
23081
7804
150209
81887
27346
9813
4814
10765
342510
23341
10811
7764
220992
400627
83755
26002
256472
5257
143
414059
138050
8897
56261
5024
51593
3375
10395
50
101927914
368
58191
55592
7040
973
84852
23405
54784
57519
199704
57338
340073
83449
254879
23551
57125
735
124801
9617
3339
54812
161291
83715
10785
23347
83853
3140
26053
84795
54942
89796
101929622
392465
83852
1184
221294
85236
23271
653550
5264
89866
9145
257106
64098
672
57799
7059
9836
55110
55845
9139
162963
57721
677811
10328
6477
9616
8030
5515
55119
10148
55660
51479
133060
8028
6156
10299
284029
2800
9825
10780
8567
50813
64393
255512
5781
10804
79648
29083
644000
9690
54482
153364
1850
93556
54891
3948
83937
63976
3749
23426
339005
284119
347735
8416
10112
23130
55588
7066
84623
81472
26168
252983
711
57679
92675
2632
57654
8925
23165
3190
64699
2947
132612
55171
8603
60492
26586
1370
84108
1027
84085
8243
4939
126755
321
64395
9625
9015
399687
116442
54492
10691
401494
10016
6665
56967
8451
54863
92092
163183
1977
149473
338588
221955
2588
641515
4097
29091
4726
2135
51635
7174
100128288
84217
144097
85349
2893
368
23344
283373
607
9787
2898
285419
7111
56911
5284
5087
754
3137
84267
100462981
158
1181
4524
91283
55149
285989
100128569
246175
261726
100287569
7753
1297
54552
148789
81034
10988
10159
5351
6176
283571
100506472
2068
7111
51727
285598
6464
10492
5970
2043
4436
1676
643201
143570
79801
8834
2017
83608
56929
26297
9383
54882
9731
114899
10994
2123
8891
51160
167555
10121
5587
112970
139324
112939
9344
813
23095
3141
9978
8354
55596
284948
23241
133619
9181
3205
440952
403
647042
140880
1462
85014
53373
8452
3653
4682
202134
10652
8178
10226
55803
57827
100128714
1107
100113386
908
23122
55422
10301
55297
440689
79836
284759
374768
140680
23048
84733
79836
84167
51360
2644
149041
100033423
390151
9202
85495
1982
9054
2719
6622
25875
2064
7732
80760
1810
999
3158
7336
55975
8193
51634
28990
84898
102723968
10916
64960
122953
10212
60558
3606
5046
10855
316
6404
26270
22885
2762
196483
93653
1951
56888
567
9321
4692
51069
113540
26127
5595
8074
57097
1118
23524
100306975
388677
57181
126326
55611
84791
6160
1201
54765
3065
54874
50801
6936
9562
57679
8705
285696
3458
160428
388125
51132
80054
98
245935
144363
163175
100506274
29925
139599
930
79157
79134
1178
9589
10458
10232
101929745
6904
6638
5916
7851
387590
3017
5558
8862
114876
5788
6464
5757
2175
51635
3684
3105
79899
538
123688
11177
80011
5686
4222
645784
100124700
23678
55096
25894
23039
54541
9698
140801
5414
598
22986
9768
54732
83449
9675
4208
23212
54908
8875
9797
64960
10574
92595
23118
171568
1843
606500
51663
6347
121665
7264
22933
2551
51107
729723
3588
23338
100887750
83986
256979
55829
6477
729668
63929
535
8269
9704
3939
27335
728130
51513
10517
57835
22870
5894
1044
162466
84695
348793
84954
11025
4201
5283
401074
29994
79805
92017
135138
23476
3777
3683
63901
94240
7940
4045
29785
388564
667
6470
160364
56833
84240
79736
92359
27296
4495
100128494
54986
80854
79603
63917
80262
80863
55281
10622
54976
25764
2188
57093
27442
101927070
54757
440023
1543
220077
1510
5950
221785
349633
9053
957
51027
23262
7541
79088
23569
80705
30850
105373383
1473
55848
7060
27440
10086
9337
129607
10665
9014
55617
2214
54768
11039
55630
4856
440944
2274
81627
83863
123720
284385
5119
7813
3916
25976
2597
5908
414328
3688
342897
178
23041
102725228
388595
23080
64946
101929563
970
79815
81030
10451
84108
4864
26548
10642
50840
84890
1429
10912
5281
200894
10730
677802
57018
5595
3566
90024
3812
80173
51084
138050
57649
8818
79673
27107
23479
114784
25806
126695
9651
240
100422737
5728
51290
84893
6927
10878
83443
10142
92659
140862
8541
837
79088
5293
96764
10299
140456
285696
54854
6484
347732
728411
57158
644997
105372645
10978
219681
128864
2956
4947
51451
440419
83444
51805
332
441871
84773
93594
84191
400569
4242
26338
64764
26577
10410
7430
135656
90843
56957
858
283987
51693
155370
10971
341405
783
79934
4919
7695
10535
51738
55314
6535
586
645553
50964
219537
4331
27433
114883
6672
3609
367
11319
1388
100128233
2043
8862
84441
5190
2130
343099
116285
388341
81848
8924
27258
2316
378938
1663
101929696
79665
677838
83460
7407
11200
24138
3646
200186
9152
4176
84435
8487
473
285626
29937
56914
3778
54996
55160
337967
388692
84079
343990
56660
8387
5645
3703
2806
55165
3308
5471
389643
56984
6376
378807
54471
221749
79720
440145
3895
3619
100131378
160777
83874
22881
284124
64581
79039
92370
1859
400952
25893
256380
8829
2275
57545
254263
10730
101929151
2308
3841
130535
2842
5884
55095
83658
51649
2802
10328
80162
54875
55003
26824
23369
81037
7805
1180
51104
100288428
221710
56616
84924
1653
8751
647979
23471
79912
9859
7334
4258
81027
100533182
55034
57092
80335
176
84193
83449
55920
154007
29117
399665
5557
414926
79091
23070
388
5245
11104
55506
100127983
64779
139599
79042
283130
338557
8368
4222
79670
126299
8218
858
692149
645784
642236
10642
84126
7503
728392
6182
29930
7709
390010
384
145748
5376
4601
3383
57763
3920
64175
54069
147179
51091
153241
93100
115908
647190
80012
23354
25850
94101
54143
6606
81857
23325
387097
65982
10799
7862
79925
410
11083
127943
1491
648691
84256
253558
9788
729870
114036
220158
333926
4671
27236
221061
11177
9898
3064
83868
9139
3689
26993
55298
340277
8891
23615
8862
29843
9455
55664
23175
2263
1734
389690
387990
147923
690
55862
133686
160365
116841
10025
1528
79895
150737
51299
1353
10616
9321
7335
54629
253635
348120
57569
11107
55660
441108
2790
673
53346
55824
4194
221491
10801
11322
6175
401320
6189
26061
5819
4257
374868
57674
567
84766
374969
135927
9403
26038
4437
54802
7260
7388
8547
84690
10054
26816
51455
145748
126003
94097
5270
51660
376132
10721
144233
5925
4190
8351
6532
9406
389906
25864
10743
9392
63971
653361
51622
5175
677
64682
55299
4149
104472715
11159
8402
29121
201895
100130311
8559
23234
79657
5713
5034
9669
85464
390212
152302
5516
80335
129138
407738
553115
129607
10594
7153
64127
5660
60437
3620
56987
4790
26767
51451
51619
80154
441666
23613
9844
100505495
1600
57713
286676
23242
84307
54477
55749
51255
6497
5878
306
22949
389434
7123
51075
84172
6418
6118
56474
285577
23306
4796
220963
2130
259290
79041
3787
199990
55787
100506394
57559
54807
2651
55166
84923
55726
101927204
83742
645280
253980
54932
84929
729967
49860
8574
2533
754
4720
23142
642569
2976
9770
3049
51678
541565
5594
11261
10294
6452
1997
1234
5170
79036
84142
644054
84141
58533
645644
11051
4052
8723
256892
54997
5624
2908
4200
80776
113263
11011
388699
51592
57209
3066
100192379
1555
368
595
8973
91687
731275
5587
10768
836
5562
9026
255967
10231
282969
8460
6348
5558
4678
7705
57157
246778
100134868
6004
10142
50854
59342
5439
118487
79750
673
305
81532
9569
65981
4656
84519
143888
3812
100289124
9937
255104
84864
401427
55007
399665
10845
8621
100288413
6919
51363
4782
83895
11328
54919
3385
64795
55969
5781
57150
79598
100996669
131566
6422
1901
121441
8728
2175
54841
3010
3223
50964
64319
389834
6573
57522
10797
1589
692058
84187
5457
401105
134285
199990
147699
400566
646024
9641
939
7739
4891
9136
100113393
55213
644943
80264
2983
2888
6387
9175
90639
9255
32
672
203547
56852
221833
81491
60680
155185
147804
83716
6045
55573
79366
90488
58478
7673
10111
84875
913
27165
259197
51676
54948
10906
523
252839
6891
6281
7434
4005
5052
650794
100129460
64816
84290
4609
2619
1621
90102
140
4599
79677
54796
7494
987
5586
645206
503582
54507
10235
9659
22932
57519
7846
10293
6730
25865
212
284323
22864
7015
4914
102723854
148281
8743
6547
7030
26136
51586
5597
594855
203
729041
340784
221264
26039
6202
114876
83715
8834
81929
10046
6660
219988
654254
8852
79929
7490
79070
64426
79670
23256
101927780
58487
720
3958
201895
10280
9649
352990
5983
64983
4668
284749
9749
90293
11169
2177
23047
8313
253782
11169
9569
284353
80115
11231
83985
116987
94240
441295
55638
64581
92002
7130
1133
284379
113000
283459
100287015
25800
22882
339345
200959
1465
94236
9383
10112
51649
91120
100130417
10095
132160
58516
657
79366
55526
6535
8395
969
29914
10299
645784
4350
9875
7443
414328
6150
252839
9232
284723
84081
57189
79903
149461
655
5501
3710
60468
100652865
26273
5571
6193
374928
117245
6892
100499194
9588
493
444
389015
10651
6297
3632
51248
148979
84779
56913
353142
4929
10929
271
1406
60686
126123
25912
100131089
4184
345611
9653
51056
25771
2353
283981
402483
161742
3344
25932
765
115209
51449
284361
3376
29909
441250
5165
64096
4888
6875
338657
284996
83483
6601
8209
5806
6623
57584
317762
51478
10422
60598
647042
199857
163131
81794
10988
22893
5147
55968
116113
254128
9094
284297
730051
4258
10220
2903
23210
389668
5545
143187
202020
89122
2833
55922
51776
3482
79714
3067
5868
10574
10129
3020
606495
284232
105370357
5387
143570
6347
51237
23424
581
8027
6602
3257
162655
2115
10969
127845
3137
11152
25874
93129
158584
54845
22845
4638
368
7746
10730
84971
340527
64222
5138
8604
353131
219736
57553
4726
401320
79135
6792
51552
170506
80758
729178
6155
132299
6275
9366
10018
90378
1265
6195
5335
6422
9427
221074
23053
5837
339263
144165
441172
56996
3709
3636
51155
56978
51335
754
22953
55975
101927948
10490
261734
4582
5121
23741
54993
84824
54498
3653
509
3909
55781
64866
79639
114609
4034
6278
150946
1488
4993
2887
158297
10368
93624
8395
8383
335
7871
134957
6757
3338
5328
22953
1528
55105
83716
318
81850
54962
286189
7022
55171
9179
5520
388569
27166
9284
593
85463
56923
9337
401585
51226
4702
161835
157922
4023
347365
401387
6856
85001
55835
105378744
23421
55504
55539
100131472
5243
54970
55788
7204
672
2013
104355149
22953
5713
116461
3294
56924
60491
3423
1572
80094
390439
388011
101927815
55142
55957
51209
338599
84700
29915
23014
85300
7542
5260
6582
100131733
93380
55071
101927248
5395
8364
2564
5777
6709
83860
163786
105373782
22998
27086
1070
378805
79070
51561
55617
3678
131450
324
5754
390927
84659
90665
9900
101929247
100506023
27315
84752
55969
631
125950
79971
51593
51659
6208
375748
405
6636
100527978
401508
23770
7436
501
11311
55906
27302
3652
1044
57659
3418
790953
94145
9694
55049
23253
100126584
4277
754
9659
53632
665
5230
642623
56923
10395
9665
51256
29796
2175
4929
6709
9392
10096
2739
4854
51239
158724
5310
340481
1859
7299
115399
7078
25769
8329
339390
346606
30061
432
1892
27284
2877
6898
9364
58478
3785
7111
57709
678655
7378
727708
63895
990
3993
256714
80006
11236
692214
100874167
55763
89795
26801
9861
55282
631
8358
6175
2099
400793
84549
25809
26776
355
9298
79571
401262
4666
148189
29988
79084
79134
54947
619208
4061
646396
84181
55661
4586
100885850
10395
113277
101927902
147929
285629
51562
10002
284366
5925
100144603
90576
54904
441108
54977
84265
1814
57696
3303
1446
2731
27147
83853
65263
9537
27071
54812
79068
5721
100287114
79651
5817
5230
57547
81606
51441
8742
345462
51279
9498
80745
83729
2162
10972
164118
64327
401207
283507
8531
55798
134510
5243
158471
80011
9701
3689
9194
8776
9337
2950
51593
3091
114880
100132273
692213
3213
3653
26973
10651
10391
57519
123970
1163
7155
84283
80036
10046
55869
1017
5696
100272147
596
8209
25803
5520
286204
51271
50
6144
9919
10290
8784
8725
1142
147650
8336
7385
6201
134353
146512
1464
729230
5116
6942
3808
8318
3872
57549
1650
10524
90379
375057
3846
9929
105371622
10096
22980
343068
56978
51164
147947
5504
25874
9725
91544
27243
729950
1593
114881
80129
100820829
133690
27141
10406
9801
417
4689
8724
6651
1991
3340
54861
64801
335
7012
5683
87
130502
100128782
390152
83549
26121
239
26580
10265
146779
4242
9522
26160
2128
6005
51639
2258
7015
339487
65258
29933
392307
79136
10501
2548
9054
930
5366
7494
10263
219417
79629
120939
9278
23061
4118
85465
6622
59336
1310
9358
23507
26090
8747
138009
56969
100616530
301
139760
388886
1427
9897
131177
10907
10393
79701
6079
84270
223082
387723
9202
10213
4015
360023
283742
5361
100124412
115908
203054
7109
149047
10137
51360
4907
10474
390003
10400
51738
51226
84971
90485
114899
3321
80173
5251
65998
6142
4256
643224
283688
7105
149992
22938
338339
9645
5606
65250
22845
678
1589
51226
6175
10489
10402
25932
80036
94241
84984
138050
10930
54014
347468
57724
80010
100132077
27306
79041
6431
23510
1523
6167
10444
187
5795
282809
50840
84108
132
83875
56681
112858
515
101927774
56945
50
23398
6492
4792
23042
51015
727832
353333
958
4297
55741
7035
116987
285672
104564224
10474
3047
5557
23507
5595
1178
79973
11178
84852
54700
90637
56994
5054
50
158135
3200
54556
51719
10131
4705
63928
57534
5934
2775
11322
11326
64769
375791
1075
6726
4238
3620
131118
26088
1027
286097
64761
3105
6523
5445
51657
9093
151525
6714
115290
159195
865
25799
364
643719
60559
2517
92126
80331
1258
84650
26036
1186
10782
253724
7273
55170
9370
22797
30061
54704
440044
4256
6936
10797
5469
55165
8819
8428
65059
220992
147841
55198
64232
255403
26061
23005
8698
125919
63877
100506328
10112
54700
355
57592
219445
222962
401207
9087
203286
4245
9274
100419773
84437
80024
1676
654321
79324
23380
6787
149620
1788
7027
90326
10723
112970
134526
4726
7421
57705
100505702
23303
4352
692092
26061
4149
79613
105375429
23594
130502
84647
152006
348120
27296
7871
158800
200765
29121
1649
51275
78989
4999
90780
9534
137835
146760
5058
9416
7486
7535
78989
151525
1915
5154
80764
728339
101927921
8834
51643
55781
55147
55853
80155
10369
55166
55002
169270
56729
9513
10753
4312
127687
7533
4802
85474
100240735
1164
3486
9480
7543
65991
92259
26065
116115
54496
4241
64432
390075
54815
55000
401551
28922
51806
3486
4809
27031
6755
7477
9301
154214
1903
3123
7249
343099
84733
84437
79800
101929743
9842
9064
3568
80303
5605
57526
55073
51099
54859
9760
8665
51321
105372990
744
84529
57823
8893
79706
23471
1811
8533
10642
7140
25769
51657
10413
150763
80162
129138
129401
6698
221393
1511
6386
100506469
1493
6915
389741
79816
6296
55870
27180
4190
283870
7803
84142
8605
538
1027
1153
1869
5970
3653
5013
643770
5169
7421
324
25873
5121
9717
122953
403239
10123
150921
23591
5644
3624
9562
5297
442590
3383
85439
254958
8572
51226
7739
27074
10969
440792
51105
55680
2673
112942
79187
339298
337959
8924
374291
84908
6303
101928616
83890
59084
401541
100128830
836
53916
14
85413
199990
11104
55616
10933
144321
9274
89765
10586
3816
29093
84636
306
84946
598
5430
90952
90850
84502
79947
6251
7091
221302
100134317
147645
100130935
201895
286333
6553
6571
23262
1768
9121
442319
200765
1029
222183
10417
1787
375316
79930
246
6128
29990
9284
692108
9274
27306
7091
9446
112936
541471
54880
100132159
143
55024
2887
84142
100133612
126382
57649
2251
10528
10480
27350
222008
10148
55106
1033
404636
858
440594
6705
127062
6892
8195
208
2880
9196
90
4790
91947
378938
22864
105378732
89932
729867
10112
10067
23404
353133
2147
10273
4987
2947
80131
11282
26013
51107
8760
55338
2580
100506190
953
11262
153339
54881
9897
7516
1066
145873
142683
54536
339263
6774
57146
29121
5646
257396
26582
22893
7755
2065
25788
641455
23424
221785
26238
6294
154
148206
4146
65993
4668
29801
957
282809
6944
54758
64429
10465
5434
84928
27101
7417
65977
3786
85365
3092
80097
10411
100008587
1760
10134
2016
8819
126375
126208
643837
170960
7102
260429
200942
10542
10565
7494
399818
5132
646424
731
28904
55515
6582
81576
28991
285966
51421
116984
55106
2027
1978
843
2517
84317
729177
3553
79805
8574
400657
9145
23145
3043
1565
27107
5682
7752
79625
8875
133383
2155
2778
51063
55603
594855
11338
25845
337979
9337
25957
64418
222256
9936
54751
26275
692212
149134
112755
84502
79668
3684
9993
9363
677
1518
25870
64802
6515
84888
1142
10642
9189
57558
25764
151295
79937
286676
100129055
81849
8303
58478
29997
115286
5793
3265
5830
9649
388591
3718
645638
3145
148014
3364
2526
644990
143384
121512
55573
11046
3703
219983
100507629
54960
84791
836
5335
7108
6144
8438
51075
1520
252839
266727
79724
10730
51276
102723487
5335
8019
3805
2516
89765
105374716
90025
126792
129530
50854
125058
11200
4851
22827
8514
26022
8792
79188
81602
79814
386627
646625
1374
100132356
356
100134444
55215
4884
10362
64754
401466
55605
4360
25788
172
5796
80274
23265
5922
57007
9351
9091
10871
245934
646982
116985
100130522
375133
79031
151258
2186
101929120
152992
3360
3178
29109
948
84559
1843
4763
255239
23259
84220
55063
29974
10801
285636
7732
2114
677800
55850
10392
8891
100133036,105379252
220042
65244
8552
6612
55605
6850
5119
3586
79825
162394
2029
64421
10010
6474
29979
50964
81576
6767
56171
399947
4891
105371597
4481
9786
51727
55101
100505648
389136
7702
57614
23555
100170221
1602
4712
93129
54718
116987
6477
3145
57189
3001
3704
7453
283314
3887
89801
51715
10078
79104
23037
79786
11346
128611
84811
339665
267020
83938
57558
6582
3954
3476
101929054
80011
25852
161357
80176
57659
441455
51635
375248
54812
3479
79684
257062
7014
4282
100288486
10391
8603
51617
58491
203562
5925
6419
51703
8727
5569
100505495
5048
140689
117608
23327
100124700
695
8115
1781
51611
8507
30001
6238
8725
4159
100131176
374
5326
10434
128497
2632
6741
8608
201283
100526693
55209
55256
8444
7993
200845
2100
131118
1653
2205
5347
101928106
8875
11056
51292
57616
57602
84814
54681
55037
79574
9814
25900
23523
80336
10057
81554
399818
84895
115330
9815
167127
7746
57413
9861
284367
3184
10498
23764
51191
4677
3716
10991
1176
51593
7097
84343
83930
60685
81704
401320
192669
10681
9647
10726
339541
6904
8603
84623
646982
51393
23443
399670
27065
23433
152926
10542
51020
6382
267002
55830
7917
56907
100130742
119710
132299
51360
27429
9521
100533105
9295
59342
27283
25788
221264
4772
25820
79624
1911
284131
3786
148808
3486
414328
126123
146198
57528
645280
2941
10471
114792
56098
245911
153090
140465
112970
4437
142678
132241
100996665
55000
3619
101927289
124925
56923
10428
7040
140823
132241
6799
948
282809
80174
567
6720
4312
100289470
258010
114824
51616
23764
55037
22864
2820
26151
245812
11044
84922
4193
79228
163033
2597
158381
4601
3485
9786
1178
1374
28989
51657
51733
1062
6536
2824
114822
8907
400823
64847
6812
8225
55815
1555
1967
1442
930
729238
84771
102724827
25791
11275
155435
3586
102724827
89
284346
100505978
114599
2109
23333
6230
2011
813
6778
8898
3911
9584
122953
3351
90665
83416
1108
7050
1133
51350
113540
83999
91107
140290
29098
2280
100506123
5968
55341
10039
100506328
466
3096
126823
151516
64940
79694
117579
25875
644353
150280
7705
10919
58478
821
5625
84656
9167
6161
57590
252839
10101
8642
158801
80745
51271
25989
60
6636
2626
57412
574040
84190
54806
10159
51191
1787
116933
23113
159686
254187
11108
9514
960
8334
5048
100505975
9531
6242
115752
93099
51385
285489
5555
57794
54812
2820
8309
80255
376267
151525
53347
63933
204851
22876
2592
79970
374786
26813
90411
978
356
10542
100506990
7040
642797
84989
80010
79084
7416
79068
4725
54841
55737
51714
145814
23190
9985
3067
100128882
60506
101929497
80167
23764
1553
100190939
646862
107984035
7775
284233
105374989
255426
164
9881
3458
126353
79035
9849
1027
9957
116211
10214
259285
134288
57209
9742
257396
117584
841
64332
745
23246
101927704
340542
728577
138311
7140
631
5494
55657
5154
1912
23059
10440
7013
57695
6156
81619
7450
10286
2950
284306
81889
5886
11009
9025
51422
10129
84816
283922
9650
7155
104472715
54840
26301
11020
57524
81611
9148
85364
375190
728294
51657
133
339327
9724
115761
278
6422
114971
114548
100131347
678
2720
7037
6714
55973
22864
8602
9383
9881
7704
101927619
1602
10113
100996286
284013
957
51465
388963
170302
57642
5395
26985
84717
30061
79633
79567
3291
2287
10325
26053
730087
10239
196968
55681
1690
8574
55697
51506
675
4297
441459
440050
94101
339230
2932
3065
58473
92822
253982
116841
55729
79646
7408
653808
57731
690
56928
84908
80177
5339
51117
392390
80004
25963
55769
8635
116461
55167
7738
51602
49860
51175
325
3619
51078
118980
1939
22807
3798
10471
7533
5892
653333
9910
54626
100996295
25791
9034
1240
2876
26020
3635
10314
673
122876
101927450
7710
145482
8767
9445
360
6947
79415
23309
891
283951
83440
137835
646626
400238
22953
100132923
146429
7301
10969
23164
254065
94101
100190939
5663
135935
22864
54475
8263
89866
360
23013
6509
4168
5426
3310
50848
132158
56474
1234
1942
4851
9804
6991
100132686
84830
5880
4245
10766
9380
147645
26064
83953
84627
148213
23141
339324
55007
3890
113540
5121
90957
29075
4692
728613
1366
100996455
9915
4193
255394
7024
30846
10598
80006
57000
4190
54758
399665
692208
25858
59307
100130417
221178
692111
100130268
23060
9440
814
51300
643669
100131089
79758
1544
9399
55659
8831
100422526
6711
11018
2859
50854
9939
79019
10134
729956
22929
26784
3748
8455
23135
55867
23765
64223
219972
677777
2823
54517
22828
5585
7355
8209
8924
50
221002
222166
63924
54542
641311
440957
4335
84848
101928738
50615
8756
27005
2628
64343
64844
374928
9704
5297
3106
441263
6203
11040
1376
165679
646643
79745
23473
646576
286256
2120
4802
79024
29092
23093
55000
54805
7386
340069
54439
152002
583
64919
80326
54926
254559
414777
440225
129401
80344
4194
9905
2630
54802
4864
79366
221545
55781
641638
692086
7360
4282
100750326
80069
54879
134218
9290
10557
27185
81559
2990
51142
192111
1827
64412
60343
9873
4714
3580
400451
10769
54438
78989
84645
6519
100133612
338674
4327
222487
27336
56940
390595
10659
101929486
1487
118429
26057
10250
389558
23514
9866
51593
643224
55786
25879
649
8781
79807
78988
7697
90011
128872
885
10068
146225
57213
3383
81550
3083
127396
5890
51098
9429
2953
57688
100288432
155061
285527
55069
3183
2631
80221
134266
9749
1389
9297
10322
4758
284370
51339
54892
55922
5332
57495
27086
6728
4354
134218
100127955
1843
23764
128240
1054
81556
57692
8028
8837
222643
10077
51266
55274
11245
2033
64983
120425
22916
166
1062
335
55007
240
199870
283089
6521
146057
5713
158038
2224
3324
100132354
7421
10541
153090
10244
112724
10159
100129138
51535
22821
81569
80712
65072
8742
441733
10248
55008
23193
344
710
7869
1401
440689
1356
6232
64682
6258
23096
124930
51276
143187
1906
222484
125962
23450
1033
51337
3188
7739
5551
343930
85479
64222
2675
90423
1311
79068
3486
201176
8718
284532
493753
100507501
645261
84436
3068
154796
9392
83547
26084
7252
830
80010
79092
386757
10319
10614
8689
2073
8416
5034
102467147
10452
51617
84083
51729
26211
64283
84639
3294
5727
2322
10120
163050
87178
146849
2323
54623
51192
1501
57542
123355
80017
84187
865
25970
79366
143
8834
9187
57560
65266
401541
79809
3815
285315
100132247
6714
9921
26984
100505854
440193
11057
7701
64393
8630
119587
222663
89953
6414
54360
8220
83593
4221
9749
56852
754
10935
347148
4285
79817
147929
1499
1676
23094
84231
2175
79683
55240
29914
27296
130502
340206
81858
7461
55904
100289187
23065
23659
51256
79844
84129
414328
6194
148137
1605
2746
124411
55355
55437
101929663
23013
100033439
84928
583
100508120
25769
4792
390660
10693
5001
22852
131118
138428
84312
26768
617
149628
101928953
10557
5979
90271
64324
22845
1142
6585
91833
400073
84942
4685
2635
100289580
3065
5274
6629
57707
9258
84084
647042
259282
11267
27229
158248
400958
54465
2294
7421
1656
54875
6882
84214
79729
10742
161882
10522
51478
920
2944
399715
729177
26469
5442
644316
257415
352887
1510
116154
375719
6872
3105
8508
79649
4327
10391
29080
114883
131118
4301
933
26098
4222
198437
9625
399823
51714
4158
51010
100526737
79670
51274
55749
10328
51601
5095
401320
7251
79696
284403
9493
7307
7252
51506
27033
79058
10542
25771
100379571
79728
6059
56478
205327
132160
125476
3554
8482
116337
6651
375307
120425
3437
5501
386672
49855
8277
81790
283345
339263
5121
100506930
3047
53354
5781
6594
1474
1909
4975
23646
85366
51251
9570
9604
266917
644444
59269
4105
55084
79188
55233
283377
8509
5106
51360
7033
253714
400604
9898
80150
282974
25992
8879
25906
10801
83868
55770
79608
23632
388561
729737
5894
165829
6128
56931
100505679
9637
335
9321
84532
6704
958
84837
55967
4070
50840
100130890
4345
54841
79624
80772
80315
318
342979
7422
54543
54826
64921
79885
374650
5079
144108
54816
2915
51727
5136
54910
360
51252
847
1549
22973
6427
4068
677815
581
3265
55510
15
84532
255649
10762
648791
79068
54058
8446
23261
6508
29062
55922
1815
51020
100506314
80036
65977
574016
8942
474344
100188953
400916
7267
79143
51444
26272
65977
8364
677801
5664
4783
6133
29920
959
3603
91775
60491
23654
56658
4905
11119
9034
9444
8771
55065
23126
10901
1302
26074
54541
56890
9690
595098
9946
5027
678
6774
5300
100169989
89822
400668
123283
10610
1307
868
56651
113540
11319
5874
10171
462
3305
54989
81555
160140
3420
79142
1676
389362
432
122060
222234
55605
127544
55356
10781
1798
101926975
10575
338339
54681
5708
26259
114043
55696
4017
4242
1845
3185
81609
84279
153443
100302739
219473
284047
2941
11079
80332
11200
401134
166012
54681
10746
439933
4048
220992
93129
55507
9895
79047
257144
400752
56923
55023
85395
6045
347853
84946
84437
10172
26228
54084
359822
83544
28985
117245
441355
197335
3624
23384
647309
146540
4135
400961
79165
54910
79368
283985
4285
30850
1453
79171
5621
643226
23092
26783
728577
26062
55262
81889
10663
169841
441295
140460
8567
10590
677769
9364
81926
127540
55634
202243
84287
10308
124923
2268
730051
57198
672
4967
79324
79366
6533
130355
55802
4111
528
92806
84340
55571
401561
9581
115209
2905
101928483
2281
30001
83941
79070
7490
134637
728743
9625
100507321
506
54541
23549
23037
23209
7155
140258
121130
116519
7097
26247
100131089
126755
23542
6834
51752
25894
339803
5878
282618
53828
90459
3189
10947
133584
1639
2160
9871
84976
54014
348110
50840
983
83445
6092
201477
90007
29991
64743
7152
283755
25816
23616
100506046
374443
2920
163351
10855
5223
388574
1947
4099
23517
55024
57721
127540
200772
6655
27113
344387
2956
9374
23396
151295
346689
728262
54905
402415
51657
55744
731223
346288
114899
127933
8714
92344
55892
3097
55806
7756
9152
26152
114781
56675
10672
10350
81563
375189
101928405
392364
55556
29789
129401
10138
144132
54432
3281
55245
84226
6799
149371
26800
8891
63925
8120
6189
10913
5820
2532
5878
54498
4843
25913
645528
113130
284085
10913
259234
23368
55749
222235
6616
6932
51111
23204
1374
105369213
782
4193
54807
9370
368
10260
81579
55384
5093
58530
1964
6400
51362
5879
4686
2635
100131980
9340
203062
100188947
145508
541578
54476
4887
51433
5824
3572
2520
114042
8110
54360
4610
6945
80896
51733
432
22854
200315
23334
641977
23462
3685
10435
6886
284611
64864
5372
27348
11119
503834
64393
3613
51599
1719
84056
1915
64135
388552
642776
26092
25788
29796
23161
126272
56907
51234
9801
319103
5713
374973
8445
23230
3189
7097
6166
23244
399512
54502
643834
29889
283994
115207
5970
55620
2237
123041
2013
6545
284418
55139
7398
22852
10301
286205
10801
2212
143187
100133091
170949
102724502
100134869
6002
5531
253832
146433
389834
30001
1657
100287171
7049
266695
54908
9261
374907
1573
645520
10567
375444
4074
84437
4008
55576
10111
25839
100128946
441328
5720
441212
4698
284123
79760
9729
207063
245939
129138
976
91452
6257
4627
3294
448835
23582
93474
6772
387267
152816
1240
55145
29998
79832
284233
151234
4126
1811
100131755
286042
30001
151194
5874
1446
129138
8125
51588
5356
162655
221322
23194
5997
255313
8339
8525
29093
55106
10951
9776
51593
23729
81502
55266
122953
22893
134429
28990
22987
8558
105371708
161247
7855
3055
348378
10184
377
55131
8940
28969
64946
257407
119385
4524
26138
101928167
7267
2556
4174
92999
1176
113510
6295
2947
8632
84901
10558
1501
401164
6418
23534
8496
8545
29967
969
1676
101060498
10471
284297
54549
171392
147991
412
5435
63027
347741
51522
23594
3690
440823
10107
6304
1369
4355
60685
388796
51360
100463488
26750
100287171
54474
9276
4500
4864
58480
23403
378
90203
29974
100506990
4841
1942
374868
5580
66000
55160
64222
6954
58477
221472
123787
7111
55746
356
64783
3203
170082
642574
1025
221584
5349
10214
101927059
137872
375790
9852
1382
64409
57476
83608
140893
5090
105371184
56893
10301
5580
100505477
80114
7799
79697
57577
7087
51097
56851
348793
128308
2113
54884
339456
25977
11025
100132101
145748
5473
7852
2672
7319
55954
8807
93343
79944
29844
4691
145845
79628
8350
54620
100130417
4647
55762
284900
85352
285540
79674
7289
2947
124152
2195
54842
10328
51193
84148
64919
114879
29974
10576
100128361
7398
7402
57125
23114
3417
8573
7587
2171
23049
2043
958
9735
81603
113201
105372292
65078
240
1973
9663
80343
115825
79137
541565
25915
8859
50865
6744
283856
115110
5664
387751
51646
11344
644945
71
3235
10471
984
84449
149992
25909
100133161
26658
9580
51020
64798
54951
4222
3689
6710
653149
64772
159090
283624
64342
4436
5355
84174
5538
54841
3998
25946
100130417
6575
6809
5928
102546226
30849
57662
4671
100859930
9860
147685
59339
400236
100423062
26121
26658
6387
10848
89845
4292
10096
339263
490
29842
79960
4318
51105
80013
2982
10432
23670
7161
26521
57104
8629
6845
252969
4217
55024
51155
38
79031
23639
55171
2060
79706
27111
2982
79134
51514
1716
51386
54949
1545
83449
3145
7732
23600
51588
23503
5788
6897
51430
7480
9209
83451
100506990
84958
729082
389852
22809
339442
7561
3338
100294720
5781
64005
339742
10153
9569
83660
10733
253725
64710
9939
89857
60493
51514
83608
112840
7589
84872
51593
64769
3476
5078
51557
100420477
346288
253512
55101
4792
55679
55076
23596
388796
1621
7439
201266
23065
100996291
10493
25829
26354
27306
23162
85007
51107
84766
56311
80169
81576
55170
11168
90625
388730
54973
55755
7095
130888
56654
54996
81786
1973
100129931
2052
2064
51646
64123
6843
80228
51276
54946
344595
9129
9319
128439
246175
56904
7262
80821
23081
286442
4999
100128881
28987
7442
101927007
728233
83933
55749
7621
4297
9111
8635
51118
23013
7186
391267
3339
8788
55904
6835
3920
114781
5702
389072
79070
23164
10455
8761
57697
23023
27306
84187
113540
221120
2274
7037
752014
1294
57337
1879
5928
6274
775
51290
53340
55171
80862
653113
100268168
84908
84816
84925
27348
131583
8834
829
139818
25771
58
5576
388789
90353
57062
660
644714
10171
400500
9849
100144596
79813
2907
124149
10300
2210
80763
54328
826
55586
7334
440465
1352
7022
57404
29843
729177
55669
10913
27185
54893
80274
202052
1068
78989
101929106
25874
50
8807
5898
8353
49854
93550
9780
4826
23471
1019
9830
55003
161436
1234
79058
5464
23742
541578
3362
2710
203068
8881
28663
11177
286077
9698
100131089
4485
23517
387129
9698
1603
10808
8208
11143
7314
6671
6850
51109
51773
55181
7111
64844
115352
94104
154791
10980
79667
7428
6844
440253
79797
348094
5310
54496
656
1612
152559
7029
26190
196549
641365
5606
55785
27067
91937
246721
8482
26053
10272
26511
221184
147965
26157
404665
4664
3192
9786
6198
8676
9817
677775
154
101927541
80204
64924
27296
29035
283310
135
130951
50861
84108
864
51095
5290
152100
10391
6624
56242
3613
9960
54952
26974
83639
7005
84908
83442
8575
2180
684
8724
129285
6278
5154
6446
7572
55806
163049
2922
996
10951
606724
644538
83795
6924
55578
10446
9811
55616
7142
64318
5478
26149
5515
200186
2909
54205
11108
84816
2700
653160
101243545
56969
11011
2294
23076
257218
100505783
54065
2886
1737
10609
5243
346689
10651
81669
6006
93436
153129
83896
55193
55251
115708
692057
22847
969
6477
54972
55799
84071
644168
10474
353323
54464
55164
115426
2074
163702
3399
5052
10404
8803
2944
79412
4306
57674
11124
6487
100130522
386685
440896
79734
118429
2632
4056
23619
124906598
6139
1826
65056
64779
10589
9156
105378586
65084
149773
23461
55012
100506990
6339
9457
150962
5903
80829
101929125
401207
58484
401152
6094
1117
28987
54014
5478
692090
1869
6331
84532
79573
474354
81
1349
29761
400891
10024
402779
132720
90313
3309
3759
8862
11264
2512
80789
4642
10461
26534
285965
8416
162989
30812
148
28996
107985332
79719
5373
25938
55599
729438
123803
100505994
256380
8508
7324
100630918
619562
7297
100506328
387911
9013
51253
64795
857
8317
100506585
284391
254531
441150
4005
54621
23457
9147
51253
7507
51022
88745
257396
7762
63875
94241
55030
22837
57713
3162
27089
5515
6083
64577
9830
100507217
441531
84376
7422
101929679
642976
441056
400657
55041
4524
26751
143279
100132273
324
9801
6915
55192
27245
10214
5909
1975
26851
169981
91624
767846
347694
9841
144124
7155
728407
22862
124857
5700
100132406
91289
1208
240
51660
10018
25769
284757
91544
142680
116843
203859
9175
25786
123
55339
8888
4923
55260
5054
55003
84618
808
55198
28982
54881
677814
54841
200186
3685
11224
2922
100129213
149134
22846
5420
55165
23095
51013
643339
4879
7088
23177
677765
83938
6872
5460
100506190
9703
1828
1973
11168
101928931
220963
2857
9092
6636
729767
10516
930
56662
401630
85379
6948
55810
259294
10365
122011
5300
55593
100141515
97
6206
4035
51633
283731
140803
3556
23070
25776
5913
7087
7036
4850
4609
5594
391356
54865
677798
100113403
1457
23705
28512
2301
5376
56969
220032
100101467
79930
9883
288
79080
5717
653645
196335
5176
7832
372
399744
25791
9489
100507391
23435
80765
9294
9202
152195
10712
861
727699
440900
63914
861
197187
51333
57181
5276
51458
7686
633
2529
51761
926
340596
64344
80006
6903
100113407
81889
819
79683
440823
441151
26974
8706
7776
2356
100287225
79671
1053
7756
5325
10332
57727
706
84364
5306
56000
129563
147645
81611
158584
388585
114885
440028
100505881
10382
85474
51265
85407
135114
9807
51247
127700
7126
25759
284355
2719
64222
145942
129293
6605
5515
100507218
10361
6908
11219
54458
389906
23059
58
5829
57665
338799
10109
3294
387775
283303
79735
57184
84317
27314
84793
55628
10635
64779
6876
6478
2492
356
83650
130502
54866
6146
3423
791115
79166
195827
411
57804
27439
10613
22930
100288730
4312
51377
4293
257144
353514
3187
22828
801
1178
51377
119764
6814
150384
836
9397
100507254
10927
8574
8568
205
292
644815
54470
3145
1942
79741
26696
54813
51760
10878
9256
161497
3059
10673
9111
541468
414157
6833
100381270
170394
4790
1869
342931
6342
3906
100131187
55164
163882
8482
83540
283761
163702
2965
677846
54581
79946
26810
5175
55170
1573
9861
8446
4939
127428
5692
6574
158471
3066
10226
140432
22954
50652
146713
5885
647979
1358
11235
3689
9074
6865
6556
162967
2180
1950
8724
65990
26287
197
85359
193629
368
57101
102467147
440028
1236
54520
9861
54518
8260
91748
51111
3620
22852
8574
207063
92609
101929484
84946
1811
7514
54664
1374
7490
23251
10300
10970
3913
51635
27306
57477
7372
9278
50626
80128
118812
858
654
692312
90665
100132147
56923
51706
440823
9747
23379
51809
6663
10527
51227
101929769
58157
8330
3074
115273
11178
389860
4864
54974
338755
84842
51104
25941
57701
55003
649238
5786
401250
100288637
3344
7385
10214
79959
440556
26512
6801
390213
105374165
286042
89781
122961
401898
1352
100009676
64216
440061
53335
390756
9625
132660
645676
5909
284086
440288
55024
3008
6993
84865
151242
29126
7637
2549
84932
92565
9904
3921
23511
730291
25875
254427
83939
1677
54994
114876
3123
646762
3703
80342
9584
22807
26136
5894
216
8803
284656
51389
400961
27094
27238
54976
338440
10103
9551
4795
55745
90780
9414
2252
27338
6092
51522
445582
9735
1787
4705
51200
11319
131118
8832
3606
4848
50836
284379
100507567
6636
23186
692204
55007
8888
54344
84230
1374
79145
112858
2676
6745
9131
151963
375248
220930
26502
2827
10475
9219
54931
5471
91603
3714
401630
56946
9093
10526
8372
1200
1196
55748
2678
6427
141
79892
7574
284273
2067
10598
23216
3838
55149
900
23327
2030
710
10714
538
337978
55249
102723927
84271
56852
64167
643161
9315
57830
22948
54931
262
128239
26061
146760
11177
148156
6185
56287
788
9240
25949
286016
81932
83692
23131
137209
11285
284395
90506
919
1240
10471
841
81037
28985
5988
161582
101927722
132158
1959
25950
83463
208
29928
51750
51226
80179
1622
729614
1366
7094
957
100130890
55640
729359
284129
150197
64328
91316
8517
84651
8338
400464
3294
3559
54626
90843
9510
23244
8645
80256
134359
51029
339779
643365
116461
634
51574
3163
65057
5734
643770
10200
80209
160418
140880
64400
222171
55031
27107
8208
51324
92285
440508
101928741
84859
84623
23174
9623
79595
84900
100128593
112858
10417
55003
117177
79841
23080
11130
10156
55217
84636
54431
3815
90187
8326
6787
84080
1512
4931
80305
56923
85437
51649
631
9746
252839
3884
248
100008589
55283
124961
10928
51397
6652
53373
90874
113179
51010
51094
51276
8683
124274
23523
54936
284069
11086
25788
3479
203427
5777
200894
6402
5777
23075
80335
9189
4300
65123
57122
54906
2059
100144603
414777
123036
1906
866
647215
55256
9913
4033
51155
80036
9698
284958
64946
56926
91978
1244
51816
80232
339807
8884
8771
84549
56474
56964
6772
23020
352962
285175
3106
105377975
22893
100128553
283460
57589
79137
5052
2177
3805
6646
117178
8483
94240
63892
2287
51429
9625
55262
55599
221656
8456
8803
51447
1653
53841
64172
92399
10861
27134
55692
55148
4092
387700
27296
400359
79670
143872
83699
9425
143187
55654
93953
81704
80168
4302
56940
389206
3350
10740
10302
9032
283547
23682
482
285362
144608
7993
221895
150165
162282
100294145
25957
286257
9730
5431
5036
54790
2791
60386
23137
51660
386746
374879
23221
55670
55879
1028
8650
10477
1676
93010
3339
3638
101928253
51271
318
401109
5052
80335
100506963
25798
7369
360
8986
5427
347688
387111
91869
147007
2650
388558
10850
64844
6692
51430
57504
1059
54205
90233
401720
11154
4481
284186
254272
642273
5729
401588
6767
84657
894
4818
1029
11080
391013
51250
8804
8482
805
90861
596
255082
374955
51322
284252
356
53371
338963
390748
2218
140597
100113384
10423
6160
54733
84135
8987
6738
25936
100462981
9191
440836
9870
57589
26512
9514
5295
4291
79899
84960
2072
1756
27109
5966
11174
342357
79874
9569
7252
153090
5121
51490
386597
440026
90624
440918
6094
30834
3660
3663
51268
1843
8510
4035
113675
80198
59344
90580
79944
28982
1490
27240
554203
208
149708
3192
54856
5068
6366
10659
1007
7316
51187
80230
10767
149420
100132923
26696
94101
2615
129880
729506
64131
3624
79666
55507
57541
51649
50964
80344
250
4600
1442
55691
22845
1362
29113
6610
1062
7746
6650
7045
10427
25764
10188
2958
5739
6634
100507501
9135
149840
7855
4345
6776
1893
133688
125111
51012
3099
7298
10153
138151
93649
23456
54619
64091
128346
84909
6159
3906
23098
79783
439949
348932
11160
2251
440695
23649
23433
100533106
100463486
2859
100506207
60487
83756
85317
84188
9772
339456
6840
285987
4323
379
7051
442361
89766
6248
79758
23077
6175
1869
147645
203429
57692
10142
121457
50511
758
29950
125950
57630
284996
253639
8479
8793
2662
7267
23640
7565
120071
23080
1471
91975
8834
7132
57596
57659
10153
84331
2185
4952
219285
6916
2153
84612
5778
84516
6235
983
340061
83416
57132
83852
54967
10257
340359
9205
125875
84276
5504
55729
64318
284325
140730
10214
222698
256536
79175
8508
10495
29108
8087
7529
10611
79085
6936
3423
6990
10521
3115
285855
8904
55188
9743
79960
101929715
91289
763
25927
64115
100128098
10170
440823
100191040
7917
522
5141
5159
1521
9904
54853
55249
101928673
80154
117289
10605
63892
8467
2230
8905
8202
1261
728723
112495
8703
7319
2039
50964
400793
9114
55929
55617
644246
6533
9585
201163
10347
441294
23398
5619
595100
79677
26024
51075
132243
55716
64760
2180
153743
51125
80774
10066
79414
81853
7486
9377
2117
26589
6035
221477
353174
9686
30001
260425
4490
85481
6696
102546298
84722
340485
54940
51451
339559
5441
2002
83744
254251
440248
11104
100421566
7273
30813
642361
3875
81610
729451
286053
4802
101928326
654483
6921
10051
80011
49
26520
81926
261726
286075
391211
2731
57579
10581
25870
55893
729178
201191
50964
56992
131118
51375
55763
338811
221908
26115
10957
115004
100129842
57684
92597
26009
440021
10575
100652791
22906
8309
10209
51214
27235
148824
50618
257240
169200
355
622
7748
23198
84418
9308
113835
2597
729970
51307
79971
91461
9356
4947
6714
2135
55662
89765
57685
8743
79675
84928
1576
23030
80339
5440
10555
9043
205564
1757
51389
1025
100216546
11156
79844
57449
5378
11180
220004
390144
54855
56902
8493
23261
401561
63951
645700
1763
7332
339487
55207
4193
11145
11319
90203
23552
9887
26511
29880
91860
4726
105374624
25769
91975
54498
9175
6144
10446
84688
6169
205428
8870
145837
399959
100128081
4552
7170
79876
4437
51001
10772
100130581
158787
125061
55106
10365
149175
10659
7570
84268
51311
641455
54741
23307
81889
3624
10380
55717
9352
139231
56623
84132
387338
4105
440900
392
9415
5743
9720
5700
8888
57787
5478
115804232
170425
1523
55502
3166
100289373
6730
137797
11337
100499483
4063
2307
677850
29128
27294
6582
9317
5931
338094
54556
9631
572
631
6331
54209
80830
54825
2495
124783
60598
84838
7518
10905
115992
84108
55734
1501
26092
29930
5167
8646
30848
9780
93650
54471
4288
84775
22949
342918
2550
92482
203260
84914
3131
100652768
201799
79944
57510
26517
6144
56288
224
26538
84931
286826
7764
27109
1025
57463
57109
28231
221613
5298
324
10290
10920
730394
84942
2869
259266
56265
23648
715
284116
26279
51162
5601
8013
11313
10985
653483
84951
8363
375743
2918
60560
3275
57636
124491
84964
1577
54979
115677
4669
284942
30
3932
27004
84726
101927621
57217
3241
10430
23247
57633
26523
51665
55227
10620
80301
64318
89765
94056
79058
79188
26511
84108
2064
27018
84133
728229
677772
9517
100506710
8292
5894
10020
3818
55052
8834
54974
55898
10402
9274
23518
80148
55697
51191
54454
63929
728039
7019
10207
58478
401320
2180
2983
23011
641648
3065
346007
7620
6678
200894
6397
1836
9474
79068
100130342
3479
57026
219736
9392
197342
337977
23208
3101
11031
1811
4520
126789
10623
8648
6788
64417
55315
49
51035
122509
201973
613210
23133
7408
6181
10329
7013
55876
10987
255654
9382
5782
171220
26778
147929
51292
2043
57099
25801
91734
56995
3201
8819
84513
9255
319085
1027
4312
196385
196528
7710
80023
80196
140803
57674
205717
129804
4704
847
23471
27185
6658
100288695
7037
677817
114796
100506990
100130889
8540
55756
57091
29974
549
90411
4731
79891
84934
85414
3281
5264
2956
165140
5834
9168
2629
8453
92335
80125
55157
4671
388552
201895
116372
22809
10699
3735
101928737
200894
283927
2523
93487
25791
102723968
55655
23347
4066
956
220963
140688
25
23471
1820
352909
386672
100131902
7353
100507477
81341
63874
5324
54802
57567
948
80195
2532
151534
55891
23033
9794
4528
283673
9689
55003
114785
741
389643
10559
5467
84993
81669
1774
9278
284996
84648
2853
2532
2523
23336
23450
284996
59347
624
84938
55007
6744
9675
5894
11108
84869
10562
55969
57035
646300
51593
10388
541578
57156
55166
64779
201232
2175
55869
56606
9514
441058
204
58492
23380
317760
338324
219854
7252
23512
11140
1310
51122
25813
105372751
4437
100289230
100505783
22899
348995
5064
11200
83787
91355
54974
55009
64410
64425
79986
4917
7589
100271722
140880
100132341
199974
89797
54622
163688
100506866
10413
8809
7978
63905
6787
53
7398
1607
644186
90799
79792
832
135932
100126780
341032
7903
116093
129831
133688
57001
100874047
6872
4901
3485
54472
9383
7306
83461
3682
51390
5313
3486
79716
26511
9844
23034
54556
5710
55552
6143
79689
404201
374868
25771
80344
100507331
26802
57597
10395
6217
90987
9839
10492
84281
100271835
79591
26046
27019
57599
100616530
441212
56895
6659
151888
101929302
6636
105369201
84933
4288
1142
8332
24148
7037
7096
10214
79134
3645
8928
4881
8891
27238
401237
4684
3485
6102
5619
115811
23318
29969
4089
11252
8816
55217
151613
6696
64417
116534
7421
101927526
101928043
8703
64983
50486
57507
79094
56969
3430
27077
9152
2931
150864
8926
283673
153733
9487
80896
374986
25777
9857
29999
2939
403277
113235
399833
9909
594855
2947
56123
284111
4013
101927043
3139
55198
343
414319
64097
100505633
8468
84878
449492
9681
23358
26127
6702
115908
472
753
5879
166968
387
175
2048
130752
3188
84292
4677
731656
89910
414149
79789
285908
5208
54754
57691
11319
201254
7442
284904
56548
813
10069
5600
643827
26806
64175
3117
55690
51085
654320
56925
26018
80726
10650
7124
9362
114884
4707
79178
57537
7403
2852
51661
57698
84701
6632
399815
54103
84913
57533
10228
51805
91227
6878
3071
55593
10904
374877
55258
286
314
55152
79364
259289
51604
100132406
10816
6029
9855
51061
8654
50943
340252
284443
6904
129787
116988
4735
23416
57705
51312
7741
114876
149086
1350
136259
79648
27306
401491
7135
4824
221687
3908
23276
64769
6310
79751
207
103
56478
390892
29914
50865
7398
286527
58
3614
55034
79748
1666
498
159296
23541
51400
6330
5264
2258
1292
11279
283663
283349
8875
200894
51130
2046
80304
9488
64777
1759
54793
8649
4920
252946
152048
440905
1975
100272228
58496
255919
56674
57537
8508
8646
10319
55521
56034
692073
26147
51652
63877
10009
254122
8284
692109
440193
55812
9889
10938
50617
55658
7490
10193
121536
51593
55250
23207
79068
595097
10537
10226
6904
51657
2817
373156
22954
54554
440730
372
150763
29974
79663
9436
167465
4790
113878
2553
54799
6168
23499
7727
54908
219293
25921
100507266
2046
645027
2316
765
805
1727
2744
92597
6595
80006
56913
5328
3620
146310
7503
158584
89838
23613
11039
201176
1621
7385
4763
199953
3481
2922
26476
23440
9567
200186
284837
4190
339263
157506
7092
732275
55666
100499194
11209
65250
983
3606
7675
83892
54471
23170
10011
3421
124565
10109
128854680
54801
11176
9698
2519
57692
26053
6388
100506465
91942
6455
5336
80344
654346
64848
5033
91612
57679
339240
472
81697
1434
148713
51506
23262
51021
5800
3781
731275
196883
9794
144100
5820
6944
414
151827
390261
79573
10446
64393
8725
127700
5936
128439
100132273
340204
58508
78989
602
6569
8743
10479
10913
677832
9054
55057
6154
286676
4947
200765
8553
51478
9400
5042
7827
105370939
26499
6850
7108
8635
127074
337882
50717
51107
79944
56474
5199
26112
283807
150297
340385
9419
115416
10446
4735
246754
10311
7477
63877
23175
5321
387590
80036
4659
387119
2073
374868
152185
8038
148223
3655
7384
127933
101927702
83449
115265
2935
8634
51526
54507
57180
23471
3376
9470
283102
80335
146330
58517
93058
400512
54541
84623
79807
5494
441272
6908
2041
3104
440823
286676
5983
387723
729927
55509
245912
10439
283571
8850
54971
2791
54875
3336
6981
159091
3843
132299
28778
90271
1653
55617
25956
55719
90843
3383
3257
9156
253558
338699
5422
124751
51310
6772
8228
116236
3903
23049
2100
26503
84329
53344
84941
10552
5594
23355
26005
10807
79096
9794
10873
80255
2180
6696
79626
23049
219927
165
85464
26256
133688
392138
1488
80320
1454
113201
162967
23782
2268
5580
63893
84628
93627
3067
55320
55619
5901
399664
5917
81490
23176
84307
340390
26818
84162
8435
63892
55727
642843
284900
92521
89765
6483
29907
255631
53346
645104
64837
4193
10745
29989
158506
84681
23762
58191
63915
27241
5604
130916
93145
79805
79149
84255
25821
3176
7111
342909
54834
157869
9989
221143
10129
55205
1528
23421
9383
6500
57407
90806
55658
283638
5054
162427
644096
57827
8195
3619
55008
5878
388677
332
23152
10969
3485
81606
54487
7135
100861541
3091
92482
284680
29968
64779
90865
389434
7088
84720
4485
54509
9636
567
51560
23038
26471
124930
6239
5334
348487
84628
126147
399715
90850
2140
80778
6252
5627
94031
150274
2098
677679
57721
10203
129401
103910
55632
6374
140880
4908
51096
57181
81577
143941
54707
54498
7408
284184
54101
101930105
23786
50852
79153
339263
9274
50964
11022
6189
8725
9728
55343
1027
55758
161176
7941
55290
55272
388325
7096
643338
55734
63931
158584
6134
9774
493
113878
127495
127733
9453
7561
9414
1579
100126270
2992
340156
100133172
1945
79937
54742
4661
220001
134549
51265
10004
23192
121274
1793
1066
151354
10969
23174
3703
23180
79998
158399
81618
84844
56987
84124
221692
55783
158067
23392
6767
100506835
5829
402
10126
54807
7349
114900
54908
29974
23787
27185
85376
54456
51206
84528
9903
114041
157657
23471
9001
3688
114836
51003
23552
10536
165324
7703
7439
127707
100996279
64434
7879
3964
23786
23786
25920
79692
128876
27181
3275
55664
55616
129049
388722
25904
394
54471
79852
7559
126259
4190
654466
10983
1616
3312
1869
65062
196968
8208
283796
84961
400946
342898
5004
7056
1896
4605
9659
642236
1017
1810
11313
958
5464
2321
27161
442524
199720
1528
65125
1843
51738
10365
51301
28985
3299
7074
57471
79096
55521
5931
2665
10267
9050
5783
6541
442862
5663
2643
84058
80204
7464
6196
4343
10797
81553
114044
2911
4725
27085
8660
5878
7441
6184
55003
7477
7503
10913
256227
29978
6725
5251
100132708
9770
54606
4140
163486
6175
3702
5530
971
25988
286676
144766
51622
101927289
23078
57822
2950
55201
54764
54899
9806
54491
57565
283682
101927431
100128420
55739
6398
11209
81839
29081
155066
283788
140823
1457
54360
57129
100101467
51163
79927
65992
3281
26003
3281
26277
9156
4286
341276
5473
10611
3601
678
64710
388962
100272228
9474
79057
4753
55749
22898
5534
25929
4193
79071
23113
1964
404636
7187
25957
2823
65985
8893
5537
6422
3167
51635
9262
4677
3630
162979
55166
51281
100505687
65268
362
54512
57002
163859
10281
79741
28990
64857
145748
25994
283643
245940
399717
2155
6368
8893
1258
100507254
104472715
1463
4299
11070
81689
83732
5970
5264
10903
138241
440712
8732
30835
85369
493
10243
8085
55668
4345
139599
7381
2923
399967
221830
84658
941
414201
51322
128710
64968
79807
54545
64761
285505
441295
199990
124637
729288
388969
55901
23288
283417
1811
1942
79269
127700
100132831
246126
375033
6689
2791
89891
54881
1018
387066
5209
23647
9939
339593
5802
92255
29974
339789
80739
3606
83590
79805
1129
9389
4351
4798
128439
5575
9923
2166
388588
196441
5924
4224
478
255809
283248
4068
344758
10168
8216
55761
60598
105373951
11132
23234
100129196
23507
51522
124997
80223
5383
79443
596
23033
26576
4234
55173
22868
151658
10556
90956
25791
4057
54518
400713
55321
5476
25837
4194
283491
84063
84706
55153
23435
8764
5052
7157
54928
51256
101927360
200765
84866
23081
131540
5423
101927156
4478
65061
54934
6936
10944
101929688
257044
9093
118442
2288
6223
441307
6477
3013
100506122
10575
81850
84466
51234
100885850
9868
728716
51646
85478
2
10202
57523
5128
118738
101927495
7101
124995
125988
6156
9370
84220
9603
285016
124491
5305
4267
6188
645355
2632
79647
139231
402483
29994
4141
27124
148254
5143
440900
6636
2731
4234
6139
472
54471
586
111188157
8437
1052
10960
121268
146754
8243
653509
7390
331
91937
2831
85452
85360
9390
3158
84915
163782
93663
116511
2997
84747
641298
55170
50840
54840
414062
1457
64766
22864
29058
100288814
5154
136853
79295
107075141
493861
3320
100129726
96597
9479
1553
55766
3081
442132
51234
4524
58490
84173
3231
5567
4170
8893
4633
399664
10225
202781
692223
79901
9528
581
79670
1843
11232
132299
57532
83868
100158262
9698
94134
729540
1140
64759
8891
54964
5925
9352
51805
374868
93109
339416
64863
55238
115352
114907
127255
27154
7840
23062
348793
342945
84062
26018
4318
10391
26508
6888
1870
57188
6939
8603
158234
3383
79837
285704
100422737
10897
4282
780
10771
3151
8893
101927827
80319
166815
5768
51367
10644
3837
100507433
283237
64946
11261
26232
441178
10076
414316
1787
79676
55998
2194
80004
637
8672
2011
7580
125050
92856
51030
8564
123787
388407
11194
54979
51540
26959
9180
404266
9515
22808
9584
91368
8106
3553
151525
35
94107
103910
23594
6613
81602
8609
9768
58160
643836
92960
196394
10574
79315
3640
101929261
56947
1788
9528
347454
157638
10287
9185
2517
23112
388284
196743
89780
677820
347918
3117
57099
11279
5160
57082
140688
5147
975
57587
81563
401507
136319
11147
84809
55859
643733
26751
51768
84065
57082
10969
8880
54498
4643
3189
8710
81873
284551
60488
253650
51020
5664
64430
25957
5655
100506930
79707
1339
3137
25888
128506
83938
101928241
8270
8574
1394
55605
1673
79943
55559
2843
891
8745
7791
1385
10001
60
10241
9625
79109
6400
337969
5619
23283
2864
646658
389203
7132
7464
57787
26658
7739
8882
151903
115352
84108
5368
55904
5962
22848
786
79041
7071
201799
55721
23590
80831
390197
23118
7037
80003
100885850
114818
729723
9383
10919
9897
4318
153222
80005
23515
51522
92
23200
2824
5147
84690
10522
55188
54867
64425
81619
8707
65109
11257
657
11137
84223
122953
100506930
222008
54979
3151
7157
285172
11273
4671
284001
7809
79415
5701
170487
51204
100128675
101929998
51118
386684
729177
50854
79906
9897
9851
55617
147923
26013
728613
728264
64419
10819
286410
91272
79856
7756
441056
993
11010
401491
105376360
646938
51523
9448
5743
5711
83699
5879
126075
23400
7855
23432
79041
22932
11016
650368
283463
29121
84444
23639
83449
50628
138050
100130231
11222
675
2581
102
9135
157
29893
57585
55165
84690
51290
64240
101929082
23266
6403
80746
100129917
80381
55722
7216
4688
23623
29015
55773
55284
28985
10734
100133172
678
3036
723790
56271
339291
127396
90993
84629
10999
9560
100303755
2135
85379
79741
828
54979
100130417
6908
56852
114880
256076
152519
5713
400950
590
80279
91975
147929
171022
375791
10969
3281
83416
323
11108
92565
100302743
64779
6872
147699
692200
57645
55732
23759
126328
100132077
145567
9678
57406
79828
101929450
10075
54438
10391
28511
311
109729182
130872
153396
334
3570
9392
56916
1475
56994
80772
8328
116349
57611
100132356
85235
9858
113612
23168
6773
339483
283130
340393
10518
3363
4696
23080
51524
9616
10188
5970
7086
80108
54974
56895
55507
11264
3786
7037
54930
51660
6322
8914
26873
10572
84759
81576
56986
51660
100996724
79065
10484
8898
57501
4635
57695
23235
51276
148523
9794
5777
6774
158830
6880
148932
1880
219333
7726
6696
8379
23204
64761
2135
5155
100507321
6777
8302
119695
266812
100289495
59271
50854
51542
677847
6387
401237
146852
26750
5887
51252
6307
22880
93432
80823
79738
999
100499489
10659
83451
2274
79101
400812
9052
100130673
388228
643836
137994
10109
56967
57292
6603
4000
84366
378938
9392
8894
55603
6224
7225
6500
3835
54974
51649
813
440461
10044
6820
283673
5225
51684
25798
8939
148109
116151
5978
10859
100505687
54832
147657
400550
84313
64080
10497
51650
23218
84666
203238
28990
5148
57019
200261
677809
9910
22848
56341
339263
5469
55998
3248
91404
2944
56262
631
90204
57479
5515
23052
79807
138429
100130771
6843
55252
4726
81697
83896
8662
9794
136242
84131
25814
51141
5335
84447
79944
51594
126119
285989
284695
9605
10963
5110
29935
3043
64968
60
101928113
83868
60528
55667
23174
9397
4718
23064
1134
4318
10379
7097
54089
92249
642273
7102
1234
10096
445347
728855
339807
55149
79849
154881
132321
5524
57060
344887
54858
56260
90507
10050
5790
989
57469
114882
431705
51593
8481
6655
116254
64223
8209
3455
55890
2523
54900
23417
3459
100151683
64170
11252
80235
260434
10299
284232
3903
29
8936
93233
3918
391196
387644
8560
5638
9218
100287765
79879
54360
2135
8482
401233
23151
1234
10501
51259
10747
3689
3281
6565
1534
224
60598
2872
378805
81876
25764
5149
55502
5371
60509
7589
146547
23334
1499
147650
716
79086
9341
6622
116540
7075
472
90019
1734
55156
29107
60685
30851
84142
101926941
571
5251
151525
3875
9589
9672
10402
9263
2222
90390
1665
84283
51172
10623
51199
56890
8416
114880
999
83551
101927449
55
9669
100419741
51286
1466
100507540
51290
92249
57537
9578
55205
11278
7852
148022
7267
23584
692205
387590
64754
283337
4192
4318
200316
4009
81563
1635
83853
100507547
8787
114899
79672
84343
79807
84549
7984
84690
441058
100422737
100131067
92906
25809
554203
51659
259217
51608
84928
154
1022
55000
100507600
55139
50674
7347
57471
26086
92797
114783
23015
2294
5587
54931
9801
105372080
3712
55812
55229
100506599
7170
55791
116448
1838
10797
340286
203274
642426
84791
100506581
92292
120114
117196
50809
51691
138151
64105
22828
10797
79862
644554
3397
7746
25994
121391
1652
581
285550
124842
8764
1178
7471
8725
4324
57471
1185
161779
90313
7458
339983
100130274
145748
101928273
5627
10420
140625
2395
111188157
6655
57608
100507057
27202
51191
733
27296
730971
2125
266697
55969
2268
51514
4594
309
100287765
56729
3281
4122
441161
6904
100506866
27161
54435
1152
9321
9683
7069
83891
55170
8884
64768
9097
84376
6625
283234
122830
51449
4851
8867
9679
129138
4161
7134
81622
401577
80326
26750
55335
8997
382
84866
29920
54838
8447
29888
57486
55308
207107
151987
85465
51126
865
266917
9439
57643
5690
164395
2852
7015
22895
79132
283316
100270804
632
57537
4869
23295
83938
598
55007
10939
5937
54581
79053
201895
1182
4105
10952
221294
26043
80011
548593
56131
122622
9064
692157
6892
285672
101928104
51191
121274
64222
10663
84520
5538
2274
3162
10730
8747
653268
11262
93589
10463
2568
144453
390271
6572
55206
257218
57692
64641
57185
54828
474338
22898
1551
3579
118881
81552
83999
7248
391475
27248
8242
10274
347734
6745
6612
56994
283177
4297
284266
7441
349334
2287
50614
55276
9768
285696
258
79441
93323
55081
6944
375248
554203
100133991
9111
91750
92283
6197
80028
126074
55127
254773
130560
79783
28996
9252
1982
5463
64421
740
285150
932
55686
1674
84163
115201
10558
56255
5218
3738
1296
2249
84419
4188
7803
100423062
348
84557
91614
23264
54681
10465
643802
51548
9817
54055
3431
9376
29930
100131755
65110
221223
138151
1446
340591
7402
283587
116285
120356739
83700
10651
30844
9589
4285
8790
92482
10651
57539
644215
55585
441669
10474
2523
101929445
55249
89781
100127888
10096
57134
390732
5826
8809
57710
3109
162962
8908
10090
79741
79646
138639
2268
84458
10096
1736
338963
157
389273
51191
9957
57591
4005
84328
124872
26579
100130015
23531
56916
134553
4204
440482
51320
6477
10902
84189
440600
2857
163087
1675
9113
23067
4792
4174
57728
2745
27097
55294
9836
5991
90550
5328
7148
23074
29080
8819
143
146542
653390
677771
23590
92667
90417
1819
8334
10425
150622
6744
5970
90075
3653
367
6329
708
57472
10096
53831
924
56650
130502
145748
50999
84787
64421
84914
2192
386597
23219
6484
11163
64963
84321
81857
2137
54802
84067
7366
1811
55914
1024
5918
85009
55854
28976
11141
8668
7316
81605
6196
4796
112479
84692
64427
6891
6787
54522
150379
54849
440915
9877
7172
58526
9100
3047
5819
957
100130613
51657
92105
23204
653333
386679
401577
4242
152687
6772
51107
56987
4287
51614
157273
8366
84439
7627
57124
440107
171546
54802
51155
112970
339883
83889
6744
4489
10826
79857
7490
84824
9688
64922
54931
28958
1811
253868
93974
640
128989
5878
3569
283033
129685
57704
51276
7290
1528
10783
9562
326624
201475
9751
23300
9655
9069
50865
57692
83743
100287704
116285
6251
200185
51252
23657
146723
133
440829
645369
51020
9020
284581
1238
100507055
388341
26091
60370
3214
339778
3603
2869
27128
891
306
81847
128
51649
11145
55521
9381
10235
5743
94039
10015
969
7039
401149
3843
79134
22885
1003
57154
23030
25992
9392
10148
22947
23710
9321
401563
84337
3685
55205
56474
2956
5788
55500
221476
5106
57497
160897
285590
7416
28904
9524
79944
8603
29934
3359
2829
147081
169355
22954
3066
1992
10717
80852
11332
6635
10299
1786
915
51272
25797
2668
9398
9643
84986
10659
55082
100506930
79094
3265
118429
283120
3108
54931
28971
79324
5663
653857
51554
159090
388394
83608
147339
126014
728537
10092
1234
27107
9844
4677
10326
57582
85416
9749
100131176
4678
23433
80833
5996
83868
23341
80153
85302
5000
8812
715
6870
1501
64398
374868
84546
9545
57732
2005
25804
158584
6612
163351
25816
129563
100131234
5595
25833
9152
101929770
121260
2589
929
126272
29919
26138
400999
8743
28987
117854
55007
6137
285577
2492
4152
3293
332
81576
25764
1155
54812
110599564
3831
54621
80724
55454
114294
102800316
50838
140691
150590
29915
65080
112752
7072
5289
6464
284424
9330
100507249
768206
7143
91582
55505
6944
54901
7852
10129
51514
389043
79935
113178
400221
339803
348021
677799
4123
7374
114991
375704
154822
391110
56897
100130231
10659
8899
10955
23335
6095
6582
57699
54556
533
391712
101927136
2803
84458
54847
283234
83715
4312
3932
9498
26707
390980
217
847
1876
2254
126626
57336
4756
5900
100506795
338699
26009
80010
27287
114902
60598
28985
116461
55540
9873
120065
7268
26027
81609
284613
890
100288413
92340
79836
5955
643733
727832
51377
54816
100294145
219902
7148
285550
55088
55253
9201
51075
3557
3043
201229
57496
221079
890
27352
8425
779
147645
399761
127703
51451
23203
10575
902
3817
64422
29801
153
266727
84650
821
7555
51686
219865
51807
29092
100505648
50944
4295
22845
11177
421
116285
5973
339290
984
83636
6434
81543
101927592
8543
10763
55695
124975
441295
3265
11250
9080
23078
4648
8565
9616
101928047
1176
26479
20
2029
80004
63906
1124
54881
8518
80222
79836
133
388561
285381
414777
100506190
57019
148066
79805
967
728224
2648
10616
25963
10456
2064
89958
64342
80011
79959
51645
89795
100126299
717
116447
26118
57692
79784
84816
146167
3428
91369
4129
283177
9689
83591
27161
51382
90355
8110
11273
26768
4017
285268
10313
2922
100132356
147199
100506190
7750
9575
9146
441476
1062
54148
104472715
130814
440
6011
3707
3990
23399
54988
164592
79136
202459
1761
55729
51058
3458
1503
3624
55794
64761
8425
84705
57291
11261
5994
200765
100132832
444
677828
9836
5813
54850
79992
6540
339942
80350
2591
966
3653
80013
55508
9061
1510
645432
3158
101926892
340547
79041
8802
138050
55766
54097
23204
23383
2206
84678
51635
4843
9861
504180
728855
7003
8913
80020
79625
23380
7030
2934
81567
64232
5345
26061
85027
112611
7031
374907
1262
1025
204
2956
284827
7705
10148
729171
11001
120892
673
27350
969
154881
79885
645158
550112
6753
6936
64969
8911
3781
28964
3883
10417
5054
54033
3925
387923
25897
57721
81037
93185
22890
50484
8976
857
55249
10575
84504
9100
23262
1653
57338
3543
391112
4675
441911
79001
5970
199223
65977
4194
1982
87769
113730
8028
9559
24140
1316
55170
29914
9781
677829
114814
126308
80213
10395
54815
11074
401105
51073
441295
9248
10135
57181
55969
339168
386677
4504
51128
441501,100132741
3002
106478962
54823
51234
8574
196383
11186
1305
57827
1325
401320
200312
11104
88455
55969
128989
10474
51754
6787
100506328
7088
6672
56911
23546
4311
126375
441476
196483
29094
59349
1102
121340
440689
5771
84163
64400
55435
22927
23466
400512
6780
101927295
79020
127540
79668
344805
51522
100289361
81563
29978
100506122
65251
93978
29978
5019
123099
1178
2946
5603
26504
583
100131234
7083
57538
29116
54148
8634
51409
6147
104266961
81889
57332
26805
242
646976
57097
10261
268
92249
728276
84124
196374
55888
8566
51181
340198
10962
4851
9156
100130418
124637
90411
78999
57082
100133036,105379252
7455
6532
645332
6397
60680
7114
64417
2633
2952
51150
3455
910
404550
1446
1748
124540
6229
93380
23386
5526
388714
129685
9367
401320
8530
10911
2357
57089
389634
22847
28987
100505648
4761
433
3796
29103
100129424
79074
1718
54558
11135
5336
11013
51633
51463
4725
102724890
6532
158584
55975
85313
303
144402
81624
4496
1852
81606
1415
285601
9994
57142
729737
49855
253430
88455
84897
57654
51225
84280
80114
414919
5297
257062
26774
6129
80022
728118
55636
338817
6346
3991
120379
126
83896
55739
8498
441521
84326
64089
84446
80762
10111
1479
23071
170463
110599583
25769
56986
55734
137872
9364
9677
338321
7277
29080
23185
101929159
84269
23120
41
831
606293
6239
7170
7266
79973
100049587
55102
6772
56244
283970
91523
123624
29979
2961
5209
3621
9274
64866
6696
84859
5335
105375790
10592
85442
339122
1501
23345
6168
79000
80344
219285
4836
90678
7132
514
84549
5343
643837
22889
6049
7450
84525
400966
5230
100170841
946
6741
55731
283486
80004
1528
29097
80194
8886
26001
5108
57552
10380
644246
647979
79600
9706
728323
677781
7122
26276
6850
10006
56983
163486
5352
222194
26135
22901
131034
3310
10048
379025
338817
200916
1528
51279
480
10190
654502
117581
2180
5730
84221
23614
56916
5547
84458
100506658
341346
9153
30061
6799
54831
91768
285847
51377
9836
140710
9939
56676
9392
6080
254958
79026
79173
57692
3119
5439
5616
201633
389493
284541
81617
57582
338785
3811
7431
100507547
84305
1979
9584
7629
28955
488
8314
84649
129025
100306951
54822
54843
23604
3018
11061
9332
23424
55034
64747
595135
10112
3886
8975
4864
857
23434
4285
2944
1573
84913
6708
10758
100506428
231
10659
100272147
7994
329
3276
5970
7589
123103
9801
30008
80762
55249
55702
55106
163227
63826
57537
5499
643008
79893
6596
387763
1142
100133190
5997
100506190
273
9325
84173
5432
2101
149840
9474
79899
3066
10471
669
951
57480
149041
2532
253152
9560
112703
56970
201164
28600
7756
23408
113278
10474
55108
3993
64766
1378
8263
55827
729582
51652
54360
81858
80110
1967
8682
11184
51451
9897
26054
388011
54462
115811
4726
8727
51057
11314
1787
27161
5269
54482
346
84709
284067
221
1133
64319
84448
7533
988
4660
283518
1846
2079
23517
10077
1145
26795
50808
27092
126129
129531
28985
115362
79368
400931
7748
825
9727
57415
6526
55700
6440
1510
3728
100144748
196483
23063
57535
4781
29785
8728
356
644100
3485
7694
55775
55300
115106
81606
50865
79981
1939
84791
4524
340591
84299
1000
84532
4722
27151
2099
594855
55729
9939
10955
283450
51378
883
1522
25907
84971
3315
84343
79647
92840
337968
5639
220992
121665
10549
643641
5806
474170
100134259
4728
85450
153657
6741
54438
84181
4907
646743
79640
10096
84258
100128554
22876
4068
728855
10813
79954
89894
55007
9906
729013
84437
388152
388165
51754
441461
64778
84871
9790
106481339
23081
284339
90273
64781
23406
102723927
7096
6146
2523
84219
1142
8644
81501
2696
51512
25875
55150
55508
91948
114876
7569
137695
79677
26777
83857
26040
1446
1305
103695366
64417
112840
5413
26091
55183
9967
3586
101928443
90527
131118
57126
55627
169026
80185
1040
168544
56922
84219
22933
79006
55083
10954
80035
374882
3782
79814
79415
81037
399
84343
132141
220906
80772
5245
79899
29841
10606
6622
392617
79649
84320
6464
27000
8615
340277
79876
3054
7503
55734
8313
147923
9867
4163
51126
51506
157556
256302
6884
115948
84946
1949
4600
133396
3479
7818
107986164
84636
54664
677776
891
100506233
171389
145474
400793
60
51710
25977
1889
389634
55844
137362
9625
439931
221504
594839
199786
8674
9878
7077
9372
202181
26000
54511
100216545
6002
10651
348235
12
7798
11259
842
332
57326
945
129138
79763
51138
152485
23594
9844
645367
23300
3592
2043
6712
63920
100287569
27306
6734
170691
93594
90843
23299
728635
55777
610
6283
118432
26205
444
7283
550
83666
51287
29098
11322
90288
54331
360
23141
4609
7067
100130238
2189
6883
9150
408263
1084
26009
339883
54902
2203
1435
643596
196740
201163
10421
10821
440400
1787
79411
83605
728431
10411
55974
784
28956
348938
9546
105370792
7067
10326
84142
257202
26025
6224
404217
10993
2569
9444
57130
7587
80308
84542
100133985
102157402
5757
2149
4841
56916
7378
100507135
65082
5631
80342
100133669
51251
1831
30837
79324
677812
400660
51195
79969
100996567
100286906
100506215
10156
1326
9844
5579
1634
22953
57713
9412
100130992
729991
126017
3959
84246
26289
55296
84300
345222
8263
22828
7450
23583
3032
11188
285600
332
1234
147929
55006
606551
5802
5879
51626
79587
112869
55909
9414
5546
2876
54828
56987
29954
23022
55857
534
10365
23234
9968
255061
4242
3972
63036
10807
100288615
134
355
5580
2987
7533
89858
858
92335
100169851
64761
11319
286046
23500
414777
79363
84981
121512
6810
84973
130916
1857
57061
51157
282809
22838
91574
51347
148867
6457
23174
117195
3300
2180
4750
22845
10139
25930
7626
80010
152518
90843
10477
8741
55605
3755
1351
90806
100507043
7155
80067
7515
55735
23080
79762
85289
23275
5891
9200
3150
84914
7022
9881
56980
9831
5511
339894
55763
284406
89765
100506311
54903
101927048
28969
9879
54602
4850
143187
9693
22794
6204
29841
7139
79447
79750
3921
79842
1436
10942
6468
440823
127540
10471
5520
101928775
90673
151246
55423
22852
130367
2342
81669
414918
374739
55809
91948
54556
55230
100130348
196792
6422
22906
79366
55057
387778
5937
55287
387837
376693
8347
8891
3145
2150
10637
904
441046
149428
6129
159091
51105
5663
100131827
401585
79622
9365
55781
89883
23173
51132
415117
414059
64761
57698
57708
5995
4723
23244
203523
123920
25788
9727
54995
266675
51234
6840
256435
5382
8825
1017
5243
307
26504
114899
129303
1729
85452
100132111
10765
6103
140685
182
53407
29799
7391
1452
101927528
8659
100996490
100506736
100101490
2020
4585
729171
5034
114790
50999
339390
64983
101928043
6041
7564
158293
157378
441317
80335
4739
10936
51079
5269
399972
284390
94059
6687
4144
55186
147929
54440
7175
284370
10483
57579
8209
64858
26058
100533183
3433
5251
2592
81575
79836
22800
2067
150763
146212
79903
64776
3040
115703
9058
4017
101929798
89853
1178
22901
777
677835
7096
55166
64431
168850
25953
6444
9580
10539
487
55024
3065
26960
100272147
84224
344022
26470
285671
29765
9917
5511
127396
54914
4017
55213
4286
22934
220988
5412
3481
6359
1869
84928
1939
51301
6240
9476
105369477
57478
2006
8693
731275
7284
158219
399665
30061
55033
100873985
441733
653677
60685
8416
55223
375759
958
55502
10636
89781
85236
140290
9589
81793
9093
57212
100286906
55998
63897
6406
84140
64976
79745
50839
55245
84458
23517
84286
83868
5997
55176
55074
83940
387755
55165
11316
8732
2983
64333
100130417
8924
353288
6636
200186
9054
84142
7033
4363
6477
84690
57186
81579
23384
2950
84771
399844
254528
8431
6499
3932
84236
84515
54210
116225
123207
285282
10642
2870
3485
54984
3960
56996
64423
90411
94120
724066
84141
28992
9869
85476
8875
10647
6094
127003
80184
23521
8836
28990
79152
79109
9817
402573
4638
113146
105378146
80862
9249
6154
9047
200186
8416
26086
1876
1501
23049
2251
10139
158056
64112
55002
197320
284612
100419170
11336
8209
25876
84908
3964
55275
79369
50840
55536
7403
10237
6604
9625
971
94
114757
9470
25957
50810
23291
5090
5781
3038
10159
57128
8291
5203
4291
9156
27120
79022
201181
29986
830
51075
55219
129138
339105
3067
4026
3082
56995
132430
8192
8484
132241
24150
79581
57128
5082
79158
136051
23424
1796
4090
112858
253725
101926960
54470
9604
83853
148398
4676
6843
27297
81831
125958
23786
64318
9908
8225
256126
64782
1117
26156
5395
6125
400793
9997
400558
23166
9939
116987
10736
101927224
27010
55101
9185
128439
27010
10949
340654
1191
284307
56474
6908
483
3692
84958
28511
55707
64968
10043
3632
54677
4285
3549
643160
8569
57471
7259
3953
57511
57827
10576
51646
51010
7111
9912
64769
127396
9528
690
177
5827
57282
10633
55129
387628
6905
9582
65979
6351
23370
3658
4860
10659
81875
4507
80851
150356
51427
26051
64215
112770
1387
9454
55182
1499
2298
23205
10658
79746
25903
65059
220001
117246
400927
642852
4552
116113
109
27306
8803
91298
7756
55174
23492
84867
8991
89122
10916
27034
8535
113655
1457
8045
143098
100507373
7855
9584
4067
1398
80007
105373496
64109
90203
692158
11108
25864
23536
390003
6730
2782
25764
23233
64841
414777
55617
25904
115509
22828
148113
57573
440163
6144
619505
645
400804
729830
81563
93129
19
4800
9554
5151
163882
79692
124044
701
7769
161497
56987
100113392
2528
90411
284116
25828
200316
80759
1178
84440
340168
381
7589
200894
728931
1811
135112
84532
253725
9443
790955
8924
79184
50840
7179
5595
23145
9322
124512
387590
10801
22954
142
5581
5926
3732
286319
55061
2135
440193
3183
7171
54979
3688
5409
26493
4714
79902
255725
4285
51655
6528
58472
54906
6094
29896
11169
5435
161502
360
2022
90338
79190
283219
54762
23481
394
10106
197135
55280
7424
11240
10112
8329
64968
389161
10778
201895
7748
10234
5987
8759
79084
5336
10464
23495
3151
199870
7182
346288
23081
9891
26812
7052
55614
1642
84141
84210
153478
84549
65117
79582
92521
4318
6278
3902
79134
90665
472
29058
4285
677843
4524
7756
81797
6156
284018
101928857
657
401647
23380
55063
969
1500
9682
154467
9553
100130519
729440
8631
7529
283624
23524
9509
23360
3371
100128025
153770
100130357
4793
9474
347252
6156
55193
9980
79649
378805
5753
57721
6645
638
6430
10775
57003
90121
51619
84930
9197
83932
4084
153571
6992
548645
26504
285972
1267
6795
147929
9002
8729
253260
57232
2287
7150
10542
55872
360219
4692
353116
84264
3486
144535
6498
8224
140775
2990
51290
5724
26034
643155
6723
11161
10229
83857
23332
353145
728411
5879
55170
23305
79872
25976
10226
56975
197407
285961
55667
23542
7571
5743
7267
2330
114880
286676
101927702
389538
6936
100130298
118490
196294
57711
390110
342096
3566
10660
54437
26019
1289
6560
10989
171023
6925
401428
25766
126767
100271722
5893
6874
51534
4035
27122
163131
2010
55709
2932
283970
646201
3619
5336
8875
143384
10587
11020
2108
2919
1967
9768
347344
3757
4150
50837
7220
1653
7054
56165
9922
79442
1606
84920
285180
728431
374969
92270
1977
63915
285033
23513
101927943
10865
148304
441459
654434
84791
59285
169611
4209
79924
5770
79680
440888
343069
51118
79884
22878
486
374920
79007
84823
118672
285521
8911
283232
100130348
84343
51506
8515
10865
8649
8837
8884
28378
26574
57118
9957
3265
100288413
170371
5557
83667
79169
57636
90317
26511
79019
11183
692201
643418
4609
5894
54039
55278
80006
100505576
1457
23553
3572
11123
130612
283165
163255
100124540
1051
80004
387893
65083
8612
55344
26796
8888
100462977
55388
22915
1965
53340
160897
101928885
10625
3726
139341
55332
29982
83716
100130581
114825
6422
152926
4671
3685
416
2889
11126
55449
9735
10079
6830
55270
149233
10564
10413
8941
10394
81889
8458
10576
2314
9528
55503
4155
91179
9750
4968
148145
102724562
116840
11101
10522
81619
79750
6932
8539
11169
91893
594837
84879
58504
80313
56477
170261
83896
7481
100505933
1439
4790
9130
54067
149699
9749
2941
9592
27161
646799
3653
5216
23760
101927847
644128
51478
619207
1628
652965
645644
54492
390072
85015
4018
55521
2634
374887
7518
80216
23765
1499
23149
23635
64072
375616
143502
10786
79065
10214
84905
23512
6636
55888
4318
9946
5619
55000
9455
55998
51768
112858
619568
389541
80312
79324
51301
84791
6932
2944
255520
3091
65243
107984784
2537
7533
4076
284996
9976
55969
124912
100271722
6301
2936
10129
3382
51573
50
51531
387836
25764
51368
2781
1063
3665
9534
2495
220929
9466
84254
36
133
6160
10111
100130987
285401
11319
100134229
84326
644974
55226
339231
55222
9267
146862
80010
5930
26156
9520
59353
10023
81697
282996
9274
145474
101928343
9540
940
83871
51738
10226
285498
100996567
4745
2175
7884
128646
2774
675
102725509
10695
22839
26052
92291
387319
440699
4609
284912
1906
2783
51290
79081
11100
79324
7108
583
140803
754
9583
7388
114336
90135
5287
119369
4926
2077
30011
55689
3801
100652739
3603
91523
4991
1894
6944
96610
1627
5435
400550
27097
100506532
1027
9757
100130890
80868
23411
983
9377
5806
100233209
2050
100288615
10223
257068
80195
728613
5719
677774
767585
7222
100506990
394
10799
23512
84458
27255
55997
56852
308
2975
9869
90668
201895
79070
6120
6428
26533
10575
100302736
9244
55064
10331
90120
51763
6944
55833
401265
79625
347344
9435
11030
6850
94162
648987
84692
57561
4143
139285
283576
23015
6774
9883
5378
9657
55729
5594
152007
388323
10446
94025
55179
4173
8226
9801
7371
10439
55236
57222
6936
170954
647310
55839
8875
1188
5799
389090
9669
107986085
80326
100507059
100506049
9158
90025
9716
4692
9616
100996569
390980
10168
54482
4113
54910
2618
85015
5520
23250
9383
10551
375757
100288485
6154
368
56658
116362
5743
124540
1350
100128531
1207
57732
3687
10016
4815
113540
3032
146378
102723847
55779
284184
401505
9953
1906
1757
54471
129138
2550
11064
441394
3320
2043
149428
11317
57161
83716
118932
283933
3684
375387
399665
351
64106
65998
145173
65008
93129
6171
653689
32
26750
121260
774
4166
6908
51290
10380
57127
10153
4771
283854
2523
9659
9753
2064
51126
4289
3703
965
25957
64805
84246
8997
10801
1656
347902
7965
432
3624
387032
55233
6821
9855
92799
7180
91749
5048
6504
148327
83938
10600
83608
90355
3485
5250
80010
90843
283869
118924
55819
84826
1132
369
2099
333929
339751
59283
50840
27342
51072
26155
9898
3231
64423
284802
100288346
9095
140459
220064
25788
5892
79159
203069
4124
56108
8242
1956
4976
60481
23234
51478
49860
83858
440087
27158
8495
6422
3809
79670
1800
7561
143187
6231
56113
92105
54828
969
3693
1051
256355
7533
57510
332
57016
2999
79741
83858
84437
9564
401027
81871
389856
91975
11169
91050
81926
30813
1446
51665
54674
100526693
128360
3108
440387
285401
27245
11240
337972
474343
51188
2267
150159
100129361
126661
57143
101928857
29965
284948
121053
100130855
29760
100996724
84707
54908
10247
150185
6504
51256
3551
55802
64859
6598
43
7185
729083
5244
23184
401565
64061
3188
2934
54431
8148
100128126
2658
3419
135924
3479
7323
9616
8659
286205
10335
196483
56911
101928150
286676
79834
390243
1725
101929584
3965
6096
80256
101928580
51326
158511
51496
317772
100130238
2823
29850
643529
7520
22828
5586
4828
126123
100132147
11190
83697
9939
836
84303
27316
57409
387496
55781
2747
27006
10482
4905
1183
25926
51522
3982
23410
400955
9274
9231
5251
11047
51136
4107
115752
55109
55794
55082
55471
10336
10219
644903
1133
79669
28964
321
4067
84066
1418
114882
124925
285237
51155
389792
1823
6668
23457
28957
23253
9696
1977
9321
100506023
56994
503569
81622
57666
3932
104472717
23195
7316
135
54332
152
126123
29075
6272
51347
54585
63908
84193
9719
4485
147276
51010
10499
9940
1133
390963
7957
22905
144776
100507050
493
10282
337963
5277
690
55908
79188
101927347
2287
9735
105369201
51374
10522
1641
5564
503638
1270
267
10454
9920
27332
84689
10130
728492
201294
119774
51805
100130733
2878
10155
7168
345757
7617
85441
167153
2922
5515
651746
3135
9936
9370
51020
3742
100996291
124907012
80004
22818
9659
84460
390756
51075
55763
5052
51018
340485
129293
138307
79922
57721
9898
10128
128218
51633
6470
93594
567
7022
118424
57168
1212
31
2251
6799
79088
1179
4076
79650
414
57448
101928406
81557
2054
55764
219793
79679
10390
51203
79827
10129
150159
79845
79752
2213
7097
11320
1669
54471
378938
147138
2205
2057
100128927
113091
26018
9706
161635
124056
9208
79033
51663
836
9202
81854
27183
90850
79084
101927667
51733
79038
26333
5051
91548
9024
3383
89848
375616
26999
63906
23046
118433
55586
340515
9152
538
79954
5728
390535
91304
399665
7145
9228
148304
4343
85290
3984
81618
159963
51234
152742
57537
93164
375323
60677
7450
55282
152110
84289
667
7637
5348
6097
55384
5970
2673
6655
5335
10542
64866
100506190
441295
51647
153090
55103
4674
6204
4725
91355
57020
4067
91869
366
388536
29894
2013
4726
58478
9202
146795
1112
84852
55966
51118
79791
6175
101927769
85015
574
144577
25769
63943
57181
22986
3178
55536
652968
8703
57447
10500
10146
400322
5663
83440
10026
404037
9486
360200
93550
9638
57175
2944
3458
4055
7637
55902
387066
57147
84696
56413
10692
51087
5202
10459
692072
284312
57693
220963
79823
51655
2287
1122
7102
6361
4905
80728
7267
5688
64756
56969
116085
9514
24149
3553
8649
9100
55176
3674
23376
29088
7551
11313
3133
148362
6521
100049587
347736
462
5111
8819
8888
286451
2073
6235
7450
2492
100132774
5330
79098
4615
64769
284131
284348
27249
51029
54462
389123
401149
4335
7705
55282
130502
2566
55614
7577
168620
400027
1072
1499
23764
222487
646743
6459
10391
9969
596
390705
54868
353088
56829
550112
51569
120793
9693
245932
3458
10129
690
1435
442421
339263
128646
10307
133688
10576
1394
254050
10663
9907
29911
200008
6787
23185
6156
100272147
477
400945
56894
100128385
733
728448
51308
4725
10362
6653
83746
8681
81855
7102
290
3925
1775
2492
102723330
2312
100131012
105376843
3158
4583
2155
7423
440823
170384
57105
11253
30836
100874392
100144596
997
653659
390792
28299
6403
7150
1939
81671
9051
9731
286262
79469
51652
9349
56951
221937
90874
64320
84159
283971
8498
7108
79625
10245
6832
26788
400941
23357
105379362
26986
79415
51398
2064
26088
284485
4355
285492
5557
139105
11272
57282
7439
57099
1939
100499177
7579
405753
324
571
414328
55790
3189
84549
318
26785
171425
25870
148304
441925
57493
5212
3142
5460
55729
11130
9205
80267
6902
647087
441430
26808
653268
126298
2857
203228
3906
26009
9931
5515
400684
338739
23764
10328
84068
6932
26735
123355
4726
983
594855
56951
142689
65264
147949
2995
9754
93492
55014
407975
285550
64598
340706
27443
84305
8912
51068
7439
858
9640
285550
79789
8417
9853
984
11314
100500938
60526
144423
79884
56905
5226
6141
672
5715
951
126526
1112
170691
91746
5108
8554
84243
5728
107985280
26073
201625
151525
5743
11260
414777
7748
4134
26030
6559
5935
7531
284307
4659
324
5929
55869
9467
3572
22797
100996255
163126
56252
79544
6187
6785
54834
6612
100128164
64799
9015
871
23433
54961
115352
29775
7182
9820
10402
8720
6464
57099
51271
48
100506190
2124
51651
146705
29906
8819
79767
252839
389692
29882
5707
3065
84444
105371564
80336
201965
55149
873
375690
2621
91039
205327
259215
114899
79012
7592
2841
867
8821
57678
472
25994
10795
140809
55729
10346
494143
222161
81621
2908
6911
7529
55233
55312
56288
84636
84182
28959
3294
84623
353139
10641
55616
28
114908
51340
92017
161424
705
6477
230
83716
3158
140732
598
8405
91056
386758
389834
3983
55370
80313
57688
503519
100505826
84985
284098
84458
386724
55605
340024
8202
6836
60598
6732
79573
4899
359
118460
5911
6122
7490
3553
317705
7334
10598
153090
163154
55024
54888
54963
283050
79168
114131
23498
9343
728642
1979
284276
891
673
6927
79415
2632
11329
100507254
100508120
222662
10417
283385
647042
387066
50
7637
3925
92558
64232
240
57705
29959
9895
55074
54147
3653
10734
11145
246
26235
2857
80772
23087
5630
728431
9696
26819
23099
101929450
55729
6128
24146
64170
8555
25875
221178
7727
100287932
100129482
11112
8884
7096
5595
9213
22828
64855
10161
26136
4897
26851
10288
58494
254552
10746
26191
26147
10226
100130700
79932
8766
22947
672
22874
9696
1130
389337
27068
2038
9709
79088
9697
100505538
91975
3202
55781
51297
56270
56848
144481
57827
64787
115653
200420
3757
27232
148145
100287765
388272
7038
54429
3420
23081
1175
26504
8161
101927331
146433
94163
2099
10750
10211
8087
54541
283450
23300
401612
10048
4261
4775
9928
768097
196743
27107
51593
341019
1783
3953
5905
827
113730
84692
11054
93380
57827
196872
148266
64983
53829
415116
8671
63916
400946
3559
105369187
4035
4916
374868
5328
6934
115704
8521
9625
7177
9144
10533
100093630
90324
285498
94101
7429
6347
5141
1027
30816
2678
7866
10124
5716
23430
144817
389432
1743
440689
100505648
4040
10365
105369750
90427
9223
94101
55357
6618
252839
246181
4345
7252
254394
9768
57732
643699
23507
4258
727857
79744
65124
23310
11177
2852
102724479
2812
631
4084
4833
8743
246184
79990
4940
8294
3162
80853
27350
9255
9659
55135
29100
10522
53340
56943
2186
1192
168455
53834
51727
5243
10326
149986
355
220429
64750
642311
4017
3458
10419
3654
6799
4067
100505718
26280
6733
6614
27147
80011
51011
8641
5073
358
445815
64859
28952
2801
2847
3851
51275
58476
285905
23786
79698
201725
375248
112970
3184
8649
101929450
124906598
692226
6170
442582
55000
645037
399844
5594
79823
49856
10901
220115
7398
646324
2512
9474
65266
5641
128486
2553
65083
1478
29994
2063
55213
3263
144348
23214
51477
375248
5478
3042
55705
8078
619569
11132
347746
10462
388692
51478
8603
3308
54476
64388
2091
57571
5584
400685
157
139599
3676
2121
3631
92086
60681
1379
4282
55930
6459
2791
170680
80832
440153
5777
148046
7644
24142
285419
400960
9775
317
105375077
79109
5925
1677
127829
377841
101927541
22954
7097
85441
9054
4172
2679
4154
10885
10380
728558
120775
729506
368
51701
8819
83759
56624
5794
196500
10863
374907
3742
673
10732
9790
9863
55677
23483
3685
317751
100507351
7132
9569
1017
139599
1233
6775
8407
440465
83877
26286
80207
84669
55763
2339
341568
64218
1514
1117
51131
60685
64761
128866
4772
6871
9947
57699
22976
144699
8938
5048
63877
10159
692233
54841
23544
91754
8669
10799
6643
8722
9337
6144
79742
64232
22954
8819
3679
81606
81697
51118
644974
55246
9557
57646
10227
64960
55119
58498
101928751
387628
55101
285877
2297
91584
23234
10152
50650
347344
125893
5164
8934
51480
128209
5685
51451
11334
5528
10402
55534
54915
6302
54469
84107
9708
65065
83888
4808
84669
4771
420
84498
23093
1979
55592
28968
51531
100129961
84614
85369
105375077
408187
153830
1848
283358
441295
138151
2523
644649
101927851
24149
2188
4221
9844
6173
64866
284260
84549
6423
5045
150864
100287314
10270
58500
81502
55000
3212
90529
51439
103689915
5504
9476
51480
10365
81611
3189
338758
54807
5814
29080
646324
7257
105373418
6419
100129528
60439
347688
6183
25820
6710
3606
692225
677803
2983
4524
5997
10196
2786
440119
90321
55003
3485
127833
6278
54550
3320
23234
201163
8550
391192
554203
7102
23192
100129046
7022
388695
138241
55571
728130
439915
23421
64946
7032
54971
23082
648740
221472
79634
171024
155435
151194
3575
8355
637
7690
367
8504
10591
22845
79991
7503
55697
63892
57104
55149
23348
100133920
4851
7915
140733
8993
4345
975
11243
3814
3123
6249
57523
340357
56253
9334
80832
283652
93380
100506190
64240
10230
4345
386674
387066
6273
7015
3706
7529
192683
3192
5228
1429
10226
6276
8322
63905
27148
79838
723809
56731
57136
128439
79836
127396
25959
8450
5806
85449
1906
10522
3281
55808
284996
50636
196385
5613
22893
25943
23332
5152
100129196
317781
111188157
79759
55423
50624
80195
1234
5121
124590
83643
83546
653399
387644
5253
4629
83943
7325
29065
60314
115352
3654
51199
114794
283487
2887
54536
677813
154075
149095
399888
10430
23528
84636
374383
6175
8811
220382
85441
79705
644246
115350
90589
53637
6744
101929025
29980
57761
9611
26262
4710
4359
5833
90199
153090
728323
5877
26511
27094
65980
5110
5690
107133515
1787
84902
9786
79723
101929998
7813
441459
9927
650623
677796
8703
2791
161436
23265
84277
79980
441951
105378589
50809
645784
257019
689
100133234
26102
374864
126206
25896
9727
90355
79068
10523
9840
84215
5336
6694
51226
9562
9254
80342
55825
6904
170384
8794
3119
101929454
117145
490
2887
1407
146691
6612
55345
64393
5931
83861
3485
23262
326342
9735
101060498
23158
22848
8803
7087
5170
89765
6727
91875
7408
9816
7439
25798
22848
55507
64844
23774
255167
785
930
29895
7145
23157
8558
64109
54741
79944
60592
100132923
5230
356
387521
22848
728963
58509
5255
390003
54386
2903
6703
55692
11194
677773
646074
51582
9110
51669
55057
4680
374470
7385
4985
5212
2641
11011
100128398
26472
23639
9881
59343
5653
26504
93380
57456
54754
1025
6843
9209
340146
865
6502
399715
53340
3932
7398
7157
166968
399979
100
50865
100507321
494513
3769
11251
6895
503538
5931
4790
55083
728635
23348
4248
79670
10109
133308
6611
105
4047
83543
54495
1869
3586
51503
692075
2695
83787
1517
6531
9899
55851
91050
80233
3606
10299
79963
54881
101927921
10793
9839
56987
9093
23504
100506274
51729
4297
3105
196743
150763
23597
5154
51152
7732
146894
27130
65983
284131
7167
283970
200576
64866
26005
653550
25999
3171
51088
29080
27238
9159
9907
9612
5394
55735
339768
23398
154
51291
7486
29080
2204
2073
2771
9156
597
2821
100128714
10671
84626
5495
285958
2918
3744
4609
9720
128408
1020
113451
26528
284439
54471
80178
388512
84142
6196
80759
79091
65977
10920
654319
123811
1296
116461
27087
729991
9637
79805
10376
3688
9698
9885
324
100129269
7179
84668
84542
7040
23189
23363
10827
10010
100008589
219670
731275
11247
659
7163
11063
5094
2065
350383
280636
113419
152206
6182
2319
84749
64393
54841
5515
8823
3188
56616
10730
2268
302
201283
79899
643650
4843
1149
3047
54101
402483
375484
278
728113
6850
7062
1906
90736
8548
388581
130589
55080
5125
10201
54453
60598
8209
128312
55074
4087
9394
100287765
55749
79745
9659
54890
93380
29092
7132
440253
2597
7456
260429
4318
55268
9924
3326
8564
221120
2187
57226
64925
8263
2887
54849
6138
83707
7568
51727
4904
59338
79899
4753
26053
147694
4790
9482
1066
11006
5873
651746
3181
2768
6443
718
79918
152273
4753
79635
132299
90871
4654
5664
6503
23262
79899
63924
92259
114771
9610
4190
401106
7932
27300
132299
27020
400927
1352
10519
10576
401258
22897
122970
153241
55998
57611
5901
28986
80817
23080
25870
7365
57827
94240
143187
349136
3091
151525
7732
90665
3123
9788
5087
8853
10578
25805
23107
9898
5194
729737
80326
6187
257358
3684
26262
10951
24141
4778
84881
63977
23049
7486
123920
51805
80028
647070
253582
3177
5000
30061
79937
8202
79750
101928203
10574
1396
100131138
7175
94086
191
153090
642976
152007
5781
84792
50649
649446
820
3773
85437
10268
220963
642826
7768
56242
105375297
55571
55171
7458
10663
100505738
9562
1942
54059
79781
4725
54820
91703
677817
2065
199964
145216
22859
267010
64222
51493
1565
3270
6004
9846
4285
4065
284358
26974
1803
79413
26136
147948
55794
220963
79940
441108
116092
54959
9637
2248
222826
100532736
4035
285484
11201
100996579
4522
51191
56265
613266
30833
25771
1459
51144
6904
26063
643802
8574
9159
8773
145864
80820
728978
5037
680
11026
122402
55352
5935
51118
1374
100505865
3422
23350
221002
92140
8924
54923
92211
93979
81544
79068
374977
57118
7099
64240
57471
401067
55283
80146
11133
6532
27350
94101
10112
8703
10106
51430
80174
3815
558
50865
343641
93185
56850
100289678
29100
29777
11257
114932
22872
645752
7099
84458
84622
399665
79727
101928971
6844
84948
8824
2528
100506123
54438
1733
57576
678
25874
7167
4717
950
10611
7280
6837
23562
770
51364
11262
140685
117166
54039
285830
285368
10395
84063
9184
8924
9625
23589
349114
84935
26586
64748
283989
10391
27309
7037
54438
4719
107983985
57488
83987
5335
4957
57654
752
57506
101927559
79582
147929
4242
28514
29093
9287
5125
1780
90843
5979
22921
55521
26863
84284
84971
116987
4345
100379251
138050
100289635
221938
150709
3684
79066
79891
5816
399761
58492
51256
339789
10865
89765
11108
3075
339666
118142757
8034
10598
634
6839
54505
5704
6494
51317
257218
200894
163486
6118
4299
3158
60598
56172
6464
23043
259291
51360
220992
23048
23600
83856
51194
8345
401320
146223
1124
759
10520
3619
147991
153339
3643
11107
7534
54020
10298
10446
8664
8815
4063
114880
288
3624
9783
9919
8512
101927156
124491
100272147
10419
7102
115817
80312
5878
54438
728264
283982
23177
26136
145264
284001
10505
54931
4682
9518
158584
138050
28985
51185
200186
100170217
7157
8790
644353
2788
338
27430
219957
168544
158801
389383
23301
338323
7328
146956
79573
64771
3815
154150
1757
8703
81576
7466
158358
55794
127833
858
51522
9720
6204
11097
2971
54210
1457
51440
100507487
128344
105371831
4329
4889
51727
9848
10748
595
11145
147172
4851
80741
23564
81889
55214
65264
105370474
3091
163742
92597
27350
80331
3398
10743
5587
11318
83987
2013
2287
7409
100009676
81786
79648
6857
89778
22835
5243
8994
3092
83478
58508
57546
11215
3945
10663
646396
27043
79901
9054
8514
100507582
51118
1432
9143
64747
164395
9409
728655
283600
441295
136371
6173
11346
11035
892
10057
147808
6521
716
255104
6799
2116
388152
283576
554279
25902
550112
57647
51477
6237
55206
92922
441666
23639
724067
1776
5883
613
3354
3065
54065
100132078
80021
400673
3594
8416
64149
55500
119
9941
3183
306
8570
25902
377007
53405
1062
9562
7639
84885
286753
4018
23199
348793
10302
53335
2241
64840
94274
5781
374470
100131434
220869
92291
146850
9767
55171
51635
64794
10148
55208
5923
4692
581
1305
5606
5859
64969
201292
114928
10895
4299
85440
252839
2959
9302
8774
112267983
2306
11322
4214
254958
92017
22888
5662
149461
51575
84458
692148
145258
10210
57510
59277
5054
8820
5110
27238
92105
375449
54853
7637
79982
10548
79937
4190
55729
319101
57524
9817
55
105375355
10534
202018
140578
55166
160518
57558
2013
10658
2250
5239
5424
51265
4992
1476
23286
28960
442425
10799
6286
23164
4851
285268
4801
29881
54542
56923
441172
8892
1434
220988
8543
27122
51744
10318
83715
80319
50614
146433
80139
66035
100132285
57703
79184
2944
3067
255189
7072
81576
100130950
64757
10507
1305
54826
8834
79577
343578
148
9173
440508
116228
4493
10446
79847
348793
283234
64423
7019
10320
3158
63877
10153
4711
51092
10395
7637
57474
23423
181
389791
54802
2356
7087
51147
92070
8603
3050
4583
27130
10164
6667
79899
9669
9793
81689
8677
644961
1317
142827
9368
51152
7529
79908
4067
4774
2705
4609
222389
60385
598
219670
7334
283310
64839
81631
9253
54812
4222
79657
952
7536
100652939
81191
26503
23196
3586
54108
10815
4194
5644
26511
389766
10574
29914
158055
338429
25948
56987
387644
3203
65263
5509
2643
23051
65110
114804
11145
8649
9806
51114
7942
51606
130589
100272228
340390
283899
284383
147650
29944
101929181
29093
172
65009
7015
79973
80332
93550
246243
9093
101928483
65977
5451
64065
128025
80224
9674
7511
197322
7589
51659
26974
1365
27291
51478
10735
50939
63934
80227
9861
56848
8862
8837
10797
151009
55718
51352
1121
6293
101929450
84166
100506368
93550
143187
3189
389421
2280
127385
79188
84549
7979
653061
55729
60675
692229
259286
10412
5376
10923
9794
5976
103352539
55022
728431
254887
64180
7746
55421
3281
23548
55000
65095
347730
6787
84503
64946
2565
1118
10112
796
84908
375484
29883
3832
9692
57178
96610
813
10159
347240
503693
83998
340481
11169
51126
5291
80824
10402
219986
56649
3219
84108
79644
126069
2155
25794
9310
55794
85459
23521
283417
10328
5493
22795
5144
63940
3622
1117
51497
6307
23080
355
8357
7165
6729
9498
6730
203259
672
51660
23217
112858
23363
100133286
8786
2941
2475
489
54221
113540
10659
23116
102725068
55004
90480
2962
5230
158431
57447
5590
59348
7334
150967
4803
100885850
106144599
80143
54957
9054
57471
5931
9902
4000
283848
23398
66008
51019
9514
10878
11277
8050
10213
115827
4105
57464
9601
55892
2
890
9653
3882
8697
23637
3159
101929736
9134
222389
387066
100507254
678
58529
439931
23394
100506834
23262
151475
5663
286436
5894
4318
163882
2523
79709
84342
29123
55364
6091
79940
150094
126820
81576
93974
