		25873
		6232
		6122
		302
		6233
		3134
		7114
		6204
		968
		6208
		6510
		23062
		10605
		5515
		3833
		3688
		133
		6229
		5211
		55568
		1263
		55501
		216
		7551
		3312
		6218
		6205
		2597
		3105
		83719
		71
		6152
		4792
		1937
		2319
		3133
		6181
		9168
		6210
		6217
		6142
		7316
		7305
		6175
		6141
		6203
		7178
		6191
		6224
		6207
		60
		3043
		6155
		6171
		10399
		6135
		53827
		6188
		6223
		6176
		6187
		3921
		6234
		5660
		6194
		1915
		1051
		7314
		3927
		6124
		23521
		2512
		6143
		6277
		4736
		10052
		26020
		29121
		9747
		2023
		25824
		103
		10578
		112398
		440915
		2124
		5305
		1831
		1175
		292
		1890
		326
		9475
		1385
		212
		284996
		498
		805
		83606
		2778
		55544
		126961
		3039
		55109
		79934
		6137
		51275
		5373
		6189
		92960
		10425
		2036
		84337
		7867
		6158
		55039
		83931
		27161
		7520
		7040
		948
		6604
		93474
		5500
		478
		3980
		6693
		6125
		79711
		51571
		51163
		84304
		54107
		7286
		5996
		160
		326625
		3107
		7873
		8732
		4689
		27245
		84879
		4904
		6130
		93624
		5499
		55629
		1627
		10256
		8451
		8446
		6374
		124540
		6624
		2787
		56911
		9810
		6949
		55256
		8703
		79047
		79012
		126731
		55249
		2821
		377
		5757
		84795
		84108
		51566
		85001
		115817
		5452
		3485
		94005
		117143
		9188
		6133
		3127
		10077
		1317
		6139
		5583
		90799
		7378
		113115
		79413
		9112
		2874
		81605
		11200
		79071
		144453
		3125
		2760
		3837
		5881
		4007
		9045
		27166
		4720
		113178
		23392
		1358
		90441
		334
		84968
		65264
		388799
		3705
		2495
		2956
		6144
		5451
		3437
		51150
		9673
		25814
		6472
		83636
		4171
		2194
		23593
		81853
		7205
		30833
		10617
		51510
		26156
		54815
		28992
		51184
		221035
		3735
		23338
		6757
		51063
		26093
		114928
		5326
		9202
		55210
		839
		26100
		2782
		6134
		9063
		222
		55684
		84969
		1676
		1388
		11224
		293
		57045
		11338
		56927
		122509
		633
		3663
		3190
		9166
		9776
		81551
		10907
		10609
		56900
		57655
		51204
		80746
		7475
		10992
		9785
		89953
		161
		90416
		10948
		8869
		80764
		51659
		54788
		84807
		10490
		64222
		11144
		404664
		645899
		646195
		650152
		6817
		728888
		2215
		285176
		7652
		51599
		10919
		4094
		245936
		440900
		57380
		2029
		1983
		9697
		200879
		285696
		245806
		25888
		728229
		10844
		144402
		83541
		10713
		56924
		117156
		55186
		2806
		55723
		3775
		6921
		10048
		63915
		9352
		5976
		80765
		65056
		65125
		10507
		57703
		3108
		128853
		83982
		285605
		4357
		56683
		7360
		3075
		114897
		10863
		3603
		51380
		170622
		245812
		1788
		56649
		80019
		125058
		9612
		54928
		2009
		1213
		9022
		7701
		4016
		7163
		55844
		54537
		29117
		5684
		2969
		79684
		333929
		1000
		3955
		259197
		79664
		202559
		8808
		85413
		26716
		29109
		51257
		8022
		23108
		338599
		64327
		53349
		5001
		54936
		200014
		8484
		84179
		147040
		126017
		23352
		11186
		27090
		27249
		6002
		4068
		642236
		8239
		220158
		9143
		27133
		3301
		4701
		914
		25940
		50617
		8575
		5532
		5819
		51091
		1856
		5068
		140686
		339487
		2548
		284759
		9940
		56829
		1399
		83480
		55892
		3049
		23116
		9654
		23024
		7317
		84326
		7988
		114882
		57406
		79694
		387338
		6688
		10553
		9066
		79858
		153339
		84720
		9274
		4938
		80332
		55847
		2686
		4916
		79788
		134187
		79939
		4750
		57636
		3339
		25850
		3021
		6698
		1984
		3455
		23476
		2593
		51105
		284611
		66004
		135
		26095
		642361
		53373
		9236
		7476
		9311
		6829
		2246
		57477
		2005
		23181
		90379
		1432
		84319
		25769
		80267
		9945
		221078
		140733
		8453
		81567
		140738
		503835
		90933
		11143
		9491
		8395
		6710
		4173
		91010
		339883
		64374
		390152
		3809
		5591
		84823
		64111
		7555
		5393
		91607
		10797
		2176
		9689
		9846
		7570
		8625
		9031
		54664
		387763
		153241
		6103
		925
		1955
		49860
		27236
		8665
		683
		10166
		3398
		2844
		51735
		129685
		64232
		10175
		7531
		440905
		9356
		64407
		196385
		25836
		7341
		25972
		3182
		60626
		63892
		89890
		81793
		85360
		128239
		11345
		1810
		5873
		5443
		338588
		7750
		53343
		400745
		3665
		25915
		81848
		1908
		9731
		2665
		58498
		4242
		91750
		7691
		25798
		120534
		4831
		973
		55776
		9021
		54883
		85457
		10150
		1460
		441521
		54982
		8881
		333926
		4133
		6050
		118424
		375775
		9
		7048
		399744
		728294
		79647
		23405
		6397
		5351
		55364
		9711
		7289
		900
		10456
		3362
		6331
		163882
		3925
		51311
		26036
		23552
		80758
		51282
		5036
		283849
		114294
		64754
		10290
		6547
		11240
		55314
		91408
		51693
		10522
		51719
		1191
		23787
		6432
		54963
		654
		3382
		10783
		255057
		1398
		10089
		4588
		4641
		59343
		54832
		11135
		374875
		203238
		51141
		2232
		10335
		5111
		10228
		54148
		79066
		10900
		79096
		2329
		22882
		84224
		1117
		871
		112616
		6738
		51374
		127343
		26227
		96459
		7743
		4673
		389860
		58155
		64940
		166
		1134
		10202
		59353
		54878
		51622
		3655
		646976
		115201
		161253
		55812
		51324
		51363
		10531
		23621
		114792
		5136
		51517
		4772
		5162
		253461
		65009
		977
		84063
		50488
		3633
		4189
		54929
		501
		11128
		151477
		554251
		126364
		84910
		388341
		10147
		60488
		55450
		83746
		56886
		27032
		147645
		118924
		83479
		338674
		158293
		6629
		54733
		221079
		931
		7975
		56897
		79065
		6195
		26009
		51554
		64766
		54880
		599
		79784
		64919
		51131
		713
		1262
		4707
		66035
		10476
		999
		3176
		11235
		5753
		1893
		1195
		84698
		55423
		84791
		51673
		65265
		832
		11107
		5376
		2251
		9514
		26043
		10658
		9589
		6687
		83897
		94137
		80006
		84138
		6799
		25759
		92399
		80726
		80209
		4118
		644168
		55183
		5284
		439921
		7423
		26052
		5007
		11059
		79864
		55064
		29083
		54726
		25805
		8831
		97
		84245
		8740
		55775
		23305
		138716
		8204
		57610
		79036
		55344
		283755
		22876
		7337
		55695
		26013
		55102
		1975
		2302
		645967
		11332
		1981
		2250
		1510
		56941
		3607
		128611
		57118
		55144
		353088
		928
		23252
		4928
		10101
		51529
		9622
		165
		158511
		10954
		7073
		408
		4329
		60492
		353514
		50636
		9770
		146862
		284309
		1716
		9704
		54778
		3340
		51315
		23215
		5995
		30011
		497661
		51228
		613
		1071
		25822
		6760
		256329
		7453
		25875
		440021
		54967
		84619
		2889
		4302
		2582
		8515
		8013
		10268
		391194
		55341
		2658
		26539
		80204
		84210
		4899
		85451
		152992
		55504
		57654
		3091
		1787
		116151
		7512
		11234
		10673
		392391
		51458
		6827
		9381
		8906
		605
		9812
		5371
		57103
		84901
		5273
		632
		970
		79188
		5178
		84153
		51427
		63874
		55160
		64839
		161424
		4691
		8790
		9666
		153918
		8796
		57706
		4137
		57226
		79091
		175
		643853
		148229
		22947
		400673
		79929
		1347
		7850
		83640
		6259
		55128
		987
		25992
		29802
		64581
		3953
		400236
		7013
		170394
		1528
		84324
		163126
		440138
		55521
		309
		284274
		8648
		55113
		83594
		11009
		3569
		54465
		285521
		246181
		28977
		6674
		3741
		388962
		8487
		7177
		26260
		348013
		3908
		81557
		10555
		10124
		3831
		155061
		10650
		11035
		5154
		5892
		222962
		221504
		64101
		8295
		4150
		7050
		29956
		140707
		64221
		10288
		51559
		958
		81832
		152189
		9270
		6633
		5645
		51172
		5147
		379
		83444
		114899
		84335
		9338
		3112
		26040
		10878
		4061
		643719
		79174
		85329
		63916
		2271
		140711
		574016
		27344
		9500
		53833
		9947
		4601
		57140
		1497
		7358
		2248
		54879
		79412
		113612
		5175
		7862
		79813
		8321
		51397
		326342
		3851
		51338
		27130
		116369
		151888
		9694
		57150
		10450
		57546
		79050
		3170
		79849
		5589
		5965
		441461
		51700
		388165
		54812
		1789
		57623
		9657
		160364
		63895
		57489
		8608
		64219
		4796
		79098
		3551
		9424
		7401
		283385
		4105
		23076
		9317
		9322
		7181
		150274
		91748
		10084
		4846
		7248
		55432
		11100
		6164
		8459
		9927
		11159
		89970
		285331
		28956
		1144
		134492
		83985
		116447
		55114
		54463
		7366
		4149
		7375
		448831
		27065
		79867
		390916
		171389
		10299
		214
		23085
		401124
		53917
		9252
		5016
		6504
		161247
		7270
		915
		144608
		116071
		5955
		3785
		11158
		84572
		84722
		79759
		5710
		6372
		4363
		10072
		8820
		55208
		9277
		79109
		5465
		6399
		5257
		255809
		6464
		23460
		1534
		92181
		26534
		306
		7095
		6942
		10296
		79577
		834
		57210
		4001
		7917
		390144
		9019
		541578
		26155
		6628
		27005
		84271
		330
		347730
		79365
		127707
		115352
		229
		63932
		375248
		440910
		4952
		51185
		1406
		25983
		81611
		27348
		84072
		54059
		92979
		338811
		64319
		6753
		26589
		22884
		80237
		11318
		113510
		54039
		11214
		441531
		51754
		3066
		29102
		5298
		55274
		11104
		9901
		10920
		414918
		9987
		1132
		57337
		23654
		10421
		284827
		9447
		55222
		4337
		64231
		10195
		10174
		11183
		5519
		10260
		1725
		646938
		8165
		22941
		64645
		54065
		5834
		50813
		169026
		64175
		574406
		147184
		25837
		85444
		3872
		399979
		122809
		79760
		51001
		10462
		5151
		643382
		131909
		375307
		171586
		3857
		11330
		51761
		146923
		81556
		23150
		124961
		4645
		6671
		146542
		79668
		10051
		7976
		23012
		51295
		56914
		84693
		2634
		506
		1973
		80760
		146059
		399761
		1843
		1675
		3903
		64393
		8364
		1655
		7561
		1535
		8992
		63929
		4191
		170954
		3646
		80264
		90649
		255167
		10870
		60675
		3659
		2879
		896
		6209
		972
		285855
		9246
		6235
		51507
		131601
		4084
		64167
		5094
		226
		79693
		152007
		2987
		54458
		5718
		8875
		6772
		8407
		6157
		8548
		1192
		5552
		7529
		51246
		5880
		116496
		2218
		387
		5699
		79180
		1316
		1668
		2207
		51327
		976
		51643
		11140
		91300
		29997
		6202
		84926
		10365
		84984
		10875
		3126
		7133
		6352
		113691
		11027
		6170
		1072
		1265
		201799
		83442
		3606
		2799
		10409
		3045
		23558
		567
		5230
		3575
		10859
		729603
		100008589
		54997
		4048
		79801
		81033
		6789
		3122
		3936
		54940
		54971
		26986
		10866
		63940
		5720
		10581
		642280
		6206
		7791
		10899
		2014
		27102
		4814
		6282
		51816
		2149
		4050
		9802
		6303
		919
		5538
		51218
		147172
		249
		3579
		397
		156
		196
		10541
		10109
		4627
		3956
		6166
		55969
		25853
		64386
		10627
		4437
		8837
		5691
		29108
		84515
		25777
		1455
		26088
		9445
		3047
		7076
		4067
		604
		7879
		51478
		4478
		3669
		653361
		7534
		1727
		4738
		8878
		23059
		4818
		58493
		6275
		23401
		5413
		51629
		92014
		8531
		6515
		25801
		55033
		4599
		1327
		84293
		7431
		3020
		9806
		3460
		157657
		6161
		83593
		7323
		1938
		2217
		6029
		89846
		91368
		6279
		241
		339231
		3106
		91663
		4066
		8519
		55437
		8073
		526
		6281
		256051
		79887
		64744
		84124
		27128
		2212
		27071
		8764
		533
		140885
		51669
		6888
		4924
		23582
		10983
		645683
		126626
		6165
		10628
		10961
		9768
		694
		7430
		3689
		10379
		2357
		2197
		5265
		5143
		3040
		6653
		6230
		3482
		517
		1396
		391
		366
		3727
		5093
		126272
		90586
		64115
		1052
		55303
		7311
		91695
		3586
		11025
		3385
		23608
		3184
		6132
		10519
		87178
		151194
		4946
		10081
		4637
		6169
		87
		6136
		10056
		81565
		250
		598
		240
		6648
		100128505
		2537
		23594
		6402
		373156
		283635
		27068
		2309
		54435
		3109
		10376
		728378
		100128731
		2876
		7454
		10938
		100129424
		10487
		9181
		4332
		387700
		23569
		7009
		5216
		1982
		6156
		10209
		2935
		5579
		929
		706
		1438
		103910
		9948
		7620
		4778
		6622
		7086
		4666
		1524
		9555
		118
		527
		8635
		55505
		11151
		57674
		2771
		10169
		5725
		5250
		51094
		6193
		64333
		120425
		682
		51312
		51734
		205327
		5997
		84164
		6280
		6168
		80223
		2219
		960
		10410
		9516
		1441
		7805
		1235
		2872
		319085
		1351
		3042
		25793
		51386
		1471
		84061
		975
		3113
		10801
		3029
		689
		10092
		10577
		23509
		3059
		8031
		27297
		6128
		9750
		128346
		2995
		7846
		2268
		400866